Temperature (C)	Pressure (MPa)	Density (g/ml)	Volume (ml/g)	Internal Energy (kJ/kg)	Enthalpy (kJ/kg)	Entropy (J/g*K)	Cv (J/g*K)	Cp (J/g*K)	Sound Spd. (m/s)	Joule-Thomson (K/MPa)	Viscosity (Pa*s)	Therm. Cond. (W/m*K)	Phase
23.000	0.10000	0.0017965	556.65	448.49	504.15	2.7336	0.65544	0.84884	267.81	11.122	1.4835e-05	0.016481	vapor
23.000	0.15000	0.0027016	370.15	448.16	503.68	2.6559	0.65672	0.85241	267.42	11.125	1.4839e-05	0.016504	vapor
23.000	0.20000	0.0036115	276.89	447.83	503.21	2.6004	0.65801	0.85603	267.02	11.127	1.4843e-05	0.016527	vapor
23.000	0.25000	0.0045262	220.94	447.49	502.73	2.5571	0.65930	0.85969	266.63	11.130	1.4847e-05	0.016550	vapor
23.000	0.30000	0.0054457	183.63	447.16	502.25	2.5215	0.66060	0.86340	266.24	11.132	1.4851e-05	0.016574	vapor
23.000	0.35000	0.0063702	156.98	446.82	501.77	2.4913	0.66191	0.86715	265.84	11.135	1.4856e-05	0.016598	vapor
23.000	0.40000	0.0072996	136.99	446.49	501.28	2.4649	0.66322	0.87096	265.44	11.138	1.4861e-05	0.016623	vapor
23.000	0.45000	0.0082340	121.45	446.15	500.80	2.4415	0.66455	0.87482	265.04	11.140	1.4866e-05	0.016647	vapor
23.000	0.50000	0.0091736	109.01	445.80	500.31	2.4204	0.66588	0.87872	264.64	11.143	1.4871e-05	0.016673	vapor
23.000	0.55000	0.010118	98.831	445.46	499.82	2.4013	0.66723	0.88269	264.24	11.145	1.4876e-05	0.016698	vapor
23.000	0.60000	0.011068	90.348	445.12	499.33	2.3836	0.66858	0.88670	263.83	11.148	1.4881e-05	0.016724	vapor
23.000	0.65000	0.012024	83.170	444.77	498.83	2.3673	0.66994	0.89077	263.43	11.151	1.4887e-05	0.016751	vapor
23.000	0.70000	0.012984	77.016	444.42	498.33	2.3522	0.67131	0.89490	263.02	11.153	1.4892e-05	0.016777	vapor
23.000	0.75000	0.013951	71.681	444.07	497.83	2.3379	0.67269	0.89909	262.61	11.156	1.4898e-05	0.016805	vapor
23.000	0.80000	0.014922	67.013	443.72	497.33	2.3245	0.67407	0.90334	262.20	11.158	1.4904e-05	0.016832	vapor
23.000	0.85000	0.015900	62.894	443.36	496.82	2.3119	0.67547	0.90765	261.79	11.161	1.4910e-05	0.016860	vapor
23.000	0.90000	0.016883	59.231	443.01	496.32	2.2998	0.67688	0.91202	261.38	11.164	1.4916e-05	0.016889	vapor
23.000	0.95000	0.017872	55.953	442.65	495.81	2.2884	0.67830	0.91645	260.97	11.166	1.4923e-05	0.016918	vapor
23.000	1.0000	0.018867	53.003	442.29	495.29	2.2775	0.67973	0.92095	260.55	11.169	1.4930e-05	0.016947	vapor
23.000	1.0500	0.019868	50.332	441.93	494.78	2.2670	0.68117	0.92552	260.13	11.172	1.4936e-05	0.016977	vapor
23.000	1.1000	0.020875	47.904	441.56	494.26	2.2570	0.68262	0.93016	259.71	11.174	1.4944e-05	0.017008	vapor
23.000	1.1500	0.021888	45.687	441.20	493.74	2.2473	0.68408	0.93487	259.29	11.177	1.4951e-05	0.017039	vapor
23.000	1.2000	0.022908	43.653	440.83	493.21	2.2380	0.68555	0.93966	258.87	11.179	1.4958e-05	0.017070	vapor
23.000	1.2500	0.023934	41.782	440.46	492.69	2.2290	0.68704	0.94452	258.44	11.182	1.4966e-05	0.017102	vapor
23.000	1.3000	0.024966	40.055	440.09	492.16	2.2203	0.68854	0.94945	258.02	11.184	1.4974e-05	0.017135	vapor
23.000	1.3500	0.026005	38.454	439.71	491.63	2.2119	0.69005	0.95447	257.59	11.187	1.4982e-05	0.017168	vapor
23.000	1.4000	0.027051	36.968	439.33	491.09	2.2037	0.69157	0.95957	257.16	11.189	1.4990e-05	0.017202	vapor
23.000	1.4500	0.028103	35.583	438.96	490.55	2.1958	0.69310	0.96475	256.73	11.192	1.4998e-05	0.017236	vapor
23.000	1.5000	0.029162	34.291	438.57	490.01	2.1881	0.69465	0.97002	256.30	11.194	1.5007e-05	0.017271	vapor
23.000	1.5500	0.030229	33.081	438.19	489.47	2.1805	0.69621	0.97537	255.86	11.197	1.5016e-05	0.017307	vapor
23.000	1.6000	0.031303	31.946	437.80	488.92	2.1732	0.69779	0.98082	255.42	11.199	1.5025e-05	0.017343	vapor
23.000	1.6500	0.032383	30.880	437.42	488.37	2.1660	0.69937	0.98636	254.98	11.202	1.5034e-05	0.017380	vapor
23.000	1.7000	0.033472	29.876	437.02	487.81	2.1590	0.70098	0.99200	254.54	11.204	1.5044e-05	0.017417	vapor
23.000	1.7500	0.034568	28.929	436.63	487.26	2.1522	0.70260	0.99774	254.10	11.207	1.5054e-05	0.017455	vapor
23.000	1.8000	0.035671	28.034	436.23	486.69	2.1455	0.70423	1.0036	253.65	11.209	1.5064e-05	0.017494	vapor
23.000	1.8500	0.036783	27.187	435.84	486.13	2.1389	0.70588	1.0095	253.21	11.211	1.5074e-05	0.017534	vapor
23.000	1.9000	0.037902	26.384	435.43	485.56	2.1325	0.70754	1.0156	252.76	11.213	1.5085e-05	0.017574	vapor
23.000	1.9500	0.039029	25.622	435.03	484.99	2.1262	0.70922	1.0217	252.31	11.216	1.5096e-05	0.017615	vapor
23.000	2.0000	0.040165	24.897	434.62	484.42	2.1200	0.71092	1.0280	251.85	11.218	1.5107e-05	0.017657	vapor
23.000	2.0500	0.041309	24.208	434.21	483.84	2.1139	0.71263	1.0344	251.40	11.220	1.5118e-05	0.017700	vapor
23.000	2.1000	0.042462	23.551	433.80	483.26	2.1079	0.71436	1.0409	250.94	11.222	1.5130e-05	0.017743	vapor
23.000	2.1500	0.043623	22.924	433.38	482.67	2.1020	0.71611	1.0476	250.48	11.224	1.5142e-05	0.017788	vapor
23.000	2.2000	0.044794	22.325	432.97	482.08	2.0962	0.71788	1.0544	250.02	11.226	1.5154e-05	0.017833	vapor
23.000	2.2500	0.045973	21.752	432.54	481.49	2.0904	0.71967	1.0613	249.55	11.228	1.5166e-05	0.017879	vapor
23.000	2.3000	0.047162	21.204	432.12	480.89	2.0848	0.72147	1.0683	249.08	11.230	1.5179e-05	0.017927	vapor
23.000	2.3500	0.048360	20.678	431.69	480.29	2.0792	0.72330	1.0755	248.61	11.232	1.5192e-05	0.017975	vapor
23.000	2.4000	0.049568	20.174	431.26	479.68	2.0737	0.72514	1.0829	248.14	11.233	1.5206e-05	0.018024	vapor
23.000	2.4500	0.050785	19.691	430.83	479.07	2.0683	0.72701	1.0904	247.66	11.235	1.5220e-05	0.018074	vapor
23.000	2.5000	0.052013	19.226	430.39	478.46	2.0629	0.72890	1.0980	247.19	11.237	1.5234e-05	0.018125	vapor
23.000	2.5500	0.053251	18.779	429.95	477.84	2.0576	0.73081	1.1059	246.71	11.238	1.5248e-05	0.018177	vapor
23.000	2.6000	0.054499	18.349	429.51	477.21	2.0524	0.73274	1.1139	246.22	11.240	1.5263e-05	0.018231	vapor
23.000	2.6500	0.055758	17.935	429.06	476.58	2.0472	0.73470	1.1220	245.74	11.241	1.5278e-05	0.018286	vapor
23.000	2.7000	0.057028	17.535	428.61	475.95	2.0421	0.73668	1.1304	245.25	11.243	1.5293e-05	0.018341	vapor
23.000	2.7500	0.058310	17.150	428.15	475.31	2.0370	0.73868	1.1390	244.76	11.244	1.5309e-05	0.018398	vapor
23.000	2.8000	0.059602	16.778	427.69	474.67	2.0320	0.74071	1.1477	244.26	11.245	1.5326e-05	0.018457	vapor
23.000	2.8500	0.060907	16.419	427.23	474.02	2.0270	0.74277	1.1566	243.76	11.246	1.5342e-05	0.018517	vapor
23.000	2.9000	0.062223	16.071	426.76	473.37	2.0220	0.74485	1.1658	243.26	11.247	1.5359e-05	0.018578	vapor
23.000	2.9500	0.063552	15.735	426.29	472.71	2.0171	0.74696	1.1752	242.76	11.248	1.5377e-05	0.018640	vapor
23.000	3.0000	0.064893	15.410	425.82	472.05	2.0122	0.74910	1.1848	242.25	11.248	1.5394e-05	0.018704	vapor
23.000	3.0500	0.066247	15.095	425.34	471.38	2.0074	0.75127	1.1947	241.74	11.249	1.5413e-05	0.018770	vapor
23.000	3.1000	0.067614	14.790	424.86	470.70	2.0026	0.75347	1.2048	241.23	11.250	1.5432e-05	0.018837	vapor
23.000	3.1500	0.068995	14.494	424.37	470.02	1.9978	0.75570	1.2151	240.71	11.250	1.5451e-05	0.018906	vapor
23.000	3.2000	0.070389	14.207	423.88	469.34	1.9931	0.75796	1.2258	240.19	11.250	1.5470e-05	0.018976	vapor
23.000	3.2500	0.071798	13.928	423.38	468.64	1.9884	0.76025	1.2367	239.67	11.250	1.5491e-05	0.019049	vapor
23.000	3.3000	0.073221	13.657	422.88	467.95	1.9837	0.76259	1.2479	239.14	11.250	1.5511e-05	0.019123	vapor
23.000	3.3500	0.074660	13.394	422.37	467.24	1.9790	0.76495	1.2594	238.61	11.250	1.5532e-05	0.019199	vapor
23.000	3.4000	0.076113	13.138	421.86	466.53	1.9744	0.76736	1.2713	238.07	11.250	1.5554e-05	0.019277	vapor
23.000	3.4500	0.077583	12.889	421.34	465.81	1.9698	0.76980	1.2834	237.53	11.249	1.5576e-05	0.019357	vapor
23.000	3.5000	0.079068	12.647	420.82	465.09	1.9652	0.77228	1.2960	236.99	11.248	1.5599e-05	0.019440	vapor
23.000	3.5500	0.080571	12.411	420.29	464.35	1.9606	0.77480	1.3089	236.44	11.248	1.5622e-05	0.019525	vapor
23.000	3.6000	0.082090	12.182	419.76	463.61	1.9560	0.77737	1.3221	235.89	11.246	1.5646e-05	0.019612	vapor
23.000	3.6500	0.083627	11.958	419.22	462.87	1.9514	0.77998	1.3358	235.33	11.245	1.5671e-05	0.019701	vapor
23.000	3.7000	0.085183	11.739	418.67	462.11	1.9469	0.78263	1.3499	234.77	11.244	1.5696e-05	0.019793	vapor
23.000	3.7500	0.086757	11.526	418.12	461.35	1.9424	0.78533	1.3645	234.21	11.242	1.5722e-05	0.019888	vapor
23.000	3.8000	0.088350	11.319	417.57	460.58	1.9378	0.78809	1.3795	233.64	11.240	1.5749e-05	0.019986	vapor
23.000	3.8500	0.089964	11.116	417.00	459.80	1.9333	0.79089	1.3950	233.06	11.238	1.5776e-05	0.020086	vapor
23.000	3.9000	0.091598	10.917	416.43	459.01	1.9288	0.79375	1.4111	232.48	11.236	1.5804e-05	0.020190	vapor
23.000	3.9500	0.093253	10.723	415.85	458.21	1.9243	0.79666	1.4277	231.90	11.233	1.5833e-05	0.020297	vapor
23.000	4.0000	0.094931	10.534	415.27	457.40	1.9197	0.79963	1.4448	231.31	11.230	1.5862e-05	0.020408	vapor
23.000	4.0500	0.096631	10.349	414.68	456.59	1.9152	0.80266	1.4626	230.71	11.227	1.5893e-05	0.020522	vapor
23.000	4.1000	0.098354	10.167	414.08	455.76	1.9107	0.80576	1.4811	230.11	11.223	1.5924e-05	0.020639	vapor
23.000	4.1500	0.10010	9.9898	413.47	454.93	1.9062	0.80892	1.5002	229.50	11.219	1.5956e-05	0.020761	vapor
23.000	4.2000	0.10188	9.8159	412.85	454.08	1.9016	0.81215	1.5201	228.88	11.215	1.5989e-05	0.020887	vapor
23.000	4.2500	0.10368	9.6455	412.23	453.22	1.8971	0.81546	1.5407	228.26	11.211	1.6023e-05	0.021017	vapor
23.000	4.3000	0.10550	9.4785	411.59	452.35	1.8925	0.81884	1.5622	227.64	11.206	1.6058e-05	0.021152	vapor
23.000	4.3500	0.10736	9.3147	410.95	451.47	1.8880	0.82230	1.5845	227.00	11.201	1.6094e-05	0.021292	vapor
23.000	4.4000	0.10924	9.1540	410.30	450.58	1.8834	0.82585	1.6078	226.36	11.195	1.6131e-05	0.021437	vapor
23.000	4.4500	0.11116	8.9962	409.64	449.67	1.8788	0.82948	1.6321	225.71	11.189	1.6169e-05	0.021588	vapor
23.000	4.5000	0.11310	8.8414	408.96	448.75	1.8742	0.83321	1.6574	225.05	11.182	1.6208e-05	0.021744	vapor
23.000	4.5500	0.11509	8.6892	408.28	447.82	1.8696	0.83703	1.6840	224.39	11.175	1.6249e-05	0.021907	vapor
23.000	4.6000	0.11710	8.5396	407.59	446.87	1.8649	0.84096	1.7117	223.72	11.168	1.6291e-05	0.022076	vapor
23.000	4.6500	0.11915	8.3926	406.88	445.91	1.8602	0.84500	1.7408	223.03	11.159	1.6334e-05	0.022252	vapor
23.000	4.7000	0.12124	8.2479	406.16	444.93	1.8555	0.84916	1.7714	222.34	11.151	1.6379e-05	0.022436	vapor
23.000	4.7500	0.12337	8.1055	405.43	443.93	1.8508	0.85344	1.8035	221.64	11.142	1.6425e-05	0.022628	vapor
23.000	4.8000	0.12555	7.9652	404.68	442.92	1.8460	0.85785	1.8373	220.93	11.132	1.6473e-05	0.022828	vapor
23.000	4.8500	0.12776	7.8270	403.92	441.88	1.8412	0.86240	1.8729	220.20	11.121	1.6522e-05	0.023038	vapor
23.000	4.9000	0.13003	7.6908	403.15	440.83	1.8363	0.86710	1.9106	219.47	11.110	1.6574e-05	0.023257	vapor
23.000	4.9500	0.13234	7.5564	402.36	439.76	1.8314	0.87196	1.9504	218.72	11.097	1.6627e-05	0.023487	vapor
23.000	5.0000	0.13470	7.4238	401.55	438.67	1.8265	0.87699	1.9927	217.97	11.084	1.6682e-05	0.023729	vapor
23.000	5.0500	0.13712	7.2928	400.72	437.55	1.8214	0.88220	2.0376	217.19	11.070	1.6739e-05	0.023983	vapor
23.000	5.1000	0.13960	7.1634	399.88	436.41	1.8164	0.88761	2.0854	216.41	11.056	1.6798e-05	0.024250	vapor
23.000	5.1500	0.14214	7.0353	399.01	435.25	1.8112	0.89324	2.1365	215.61	11.040	1.6860e-05	0.024532	vapor
23.000	5.2000	0.14475	6.9087	398.13	434.05	1.8060	0.89909	2.1911	214.79	11.023	1.6925e-05	0.024831	vapor
23.000	5.2500	0.14742	6.7832	397.22	432.83	1.8008	0.90520	2.2498	213.95	11.004	1.6992e-05	0.025147	vapor
23.000	5.3000	0.15018	6.6588	396.28	431.58	1.7954	0.91158	2.3130	213.10	10.985	1.7062e-05	0.025482	vapor
23.000	5.3500	0.15301	6.5354	395.32	430.29	1.7899	0.91827	2.3814	212.22	10.964	1.7136e-05	0.025839	vapor
23.000	5.4000	0.15594	6.4128	394.34	428.96	1.7844	0.92528	2.4555	211.33	10.941	1.7213e-05	0.026220	vapor
23.000	5.4500	0.15896	6.2910	393.32	427.60	1.7787	0.93265	2.5363	210.41	10.917	1.7293e-05	0.026627	vapor
23.000	5.5000	0.16208	6.1697	392.26	426.19	1.7729	0.94043	2.6247	209.46	10.890	1.7378e-05	0.027064	vapor
23.000	5.5500	0.16532	6.0488	391.17	424.74	1.7669	0.94867	2.7220	208.48	10.862	1.7468e-05	0.027535	vapor
23.000	5.6000	0.16869	5.9281	390.04	423.24	1.7608	0.95741	2.8296	207.48	10.831	1.7563e-05	0.028043	vapor
23.000	5.6500	0.17219	5.8074	388.86	421.67	1.7546	0.96673	2.9496	206.43	10.798	1.7663e-05	0.028596	vapor
23.000	5.7000	0.17585	5.6865	387.64	420.05	1.7481	0.97672	3.0843	205.35	10.761	1.7770e-05	0.029200	vapor
23.000	5.7500	0.17969	5.5652	386.35	418.35	1.7414	0.98747	3.2368	204.22	10.721	1.7883e-05	0.029862	vapor
23.000	5.8000	0.18372	5.4430	385.01	416.58	1.7345	0.99911	3.4113	203.04	10.677	1.8005e-05	0.030596	vapor
23.000	5.8500	0.18798	5.3197	383.59	414.71	1.7273	1.0118	3.6134	201.80	10.629	1.8137e-05	0.031413	vapor
23.000	5.9000	0.19251	5.1947	382.08	412.73	1.7197	1.0259	3.8510	200.49	10.575	1.8279e-05	0.032335	vapor
23.000	5.9500	0.19734	5.0674	380.48	410.63	1.7118	1.0415	4.1352	199.09	10.514	1.8435e-05	0.033386	vapor
23.000	6.0000	0.20255	4.9371	378.75	408.37	1.7033	1.0592	4.4830	197.58	10.446	1.8606e-05	0.034604	vapor
23.000	6.0500	0.20822	4.8027	376.87	405.93	1.6942	1.0797	4.9214	195.94	10.366	1.8797e-05	0.036046	vapor
23.000	6.1000	0.21447	4.6626	374.81	403.25	1.6844	1.1041	5.4968	194.10	10.273	1.9013e-05	0.037803	vapor
23.000	6.1440	0.22062	4.5326	372.78	400.63	1.6749	1.1303	6.1848	192.27	10.176	1.9231e-05	0.039735	vapor
23.000	6.14401	0.73836	1.3543	258.36	266.68	1.2225	1.0389	5.2479	301.51	1.8897	6.0865e-05	0.082364	liquid
23.000	6.1500	0.73869	1.3537	258.29	266.62	1.2223	1.0383	5.2287	302.02	1.8841	6.0913e-05	0.082380	liquid
23.000	6.2000	0.74138	1.3488	257.78	266.14	1.2205	1.0332	5.0777	306.17	1.8395	6.1305e-05	0.082517	liquid
23.000	6.2500	0.74394	1.3442	257.28	265.68	1.2187	1.0286	4.9434	310.08	1.7981	6.1680e-05	0.082665	liquid
23.000	6.3000	0.74639	1.3398	256.81	265.25	1.2170	1.0244	4.8228	313.79	1.7595	6.2042e-05	0.082823	liquid
23.000	6.3500	0.74873	1.3356	256.35	264.83	1.2154	1.0207	4.7138	317.33	1.7234	6.2390e-05	0.082986	liquid
23.000	6.4000	0.75098	1.3316	255.91	264.44	1.2138	1.0172	4.6144	320.72	1.6895	6.2727e-05	0.083155	liquid
23.000	6.4500	0.75314	1.3278	255.49	264.05	1.2123	1.0139	4.5234	323.98	1.6574	6.3054e-05	0.083327	liquid
23.000	6.5000	0.75523	1.3241	255.08	263.69	1.2108	1.0109	4.4396	327.13	1.6270	6.3371e-05	0.083501	liquid
23.000	6.5500	0.75725	1.3206	254.68	263.33	1.2094	1.0081	4.3621	330.17	1.5982	6.3679e-05	0.083677	liquid
23.000	6.6000	0.75920	1.3172	254.29	262.99	1.2080	1.0055	4.2901	333.11	1.5707	6.3980e-05	0.083854	liquid
23.000	6.6500	0.76109	1.3139	253.92	262.66	1.2067	1.0030	4.2230	335.97	1.5445	6.4272e-05	0.084031	liquid
23.000	6.7000	0.76293	1.3107	253.55	262.34	1.2054	1.0006	4.1603	338.74	1.5195	6.4558e-05	0.084209	liquid
23.000	6.7500	0.76472	1.3077	253.20	262.02	1.2041	0.99835	4.1014	341.45	1.4955	6.4837e-05	0.084387	liquid
23.000	6.8000	0.76646	1.3047	252.85	261.72	1.2029	0.99621	4.0461	344.08	1.4725	6.5110e-05	0.084564	liquid
23.000	6.8500	0.76815	1.3018	252.51	261.43	1.2017	0.99416	3.9938	346.65	1.4504	6.5378e-05	0.084741	liquid
23.000	6.9000	0.76980	1.2990	252.18	261.14	1.2005	0.99221	3.9445	349.17	1.4291	6.5640e-05	0.084917	liquid
23.000	6.9500	0.77141	1.2963	251.86	260.86	1.1993	0.99034	3.8978	351.62	1.4086	6.5897e-05	0.085092	liquid
23.000	7.0000	0.77298	1.2937	251.54	260.59	1.1982	0.98855	3.8534	354.03	1.3888	6.6149e-05	0.085267	liquid
23.000	7.0500	0.77452	1.2911	251.23	260.33	1.1971	0.98683	3.8112	356.39	1.3697	6.6397e-05	0.085440	liquid
23.000	7.1000	0.77602	1.2886	250.92	260.07	1.1960	0.98518	3.7711	358.69	1.3513	6.6640e-05	0.085613	liquid
23.000	7.1500	0.77750	1.2862	250.62	259.82	1.1949	0.98359	3.7327	360.96	1.3334	6.6879e-05	0.085784	liquid
23.000	7.2000	0.77894	1.2838	250.33	259.57	1.1939	0.98205	3.6961	363.18	1.3161	6.7115e-05	0.085954	liquid
23.000	7.2500	0.78035	1.2815	250.04	259.33	1.1928	0.98058	3.6611	365.36	1.2993	6.7346e-05	0.086123	liquid
23.000	7.3000	0.78174	1.2792	249.76	259.10	1.1918	0.97915	3.6276	367.51	1.2830	6.7574e-05	0.086291	liquid
23.000	7.3500	0.78309	1.2770	249.48	258.87	1.1908	0.97777	3.5954	369.62	1.2672	6.7799e-05	0.086458	liquid
23.000	7.4000	0.78443	1.2748	249.21	258.64	1.1899	0.97644	3.5645	371.69	1.2518	6.8021e-05	0.086623	liquid
23.000	7.4500	0.78574	1.2727	248.94	258.42	1.1889	0.97515	3.5348	373.73	1.2369	6.8239e-05	0.086788	liquid
23.000	7.5000	0.78702	1.2706	248.68	258.20	1.1880	0.97391	3.5062	375.74	1.2224	6.8455e-05	0.086951	liquid
23.000	7.5500	0.78829	1.2686	248.41	257.99	1.1870	0.97270	3.4787	377.72	1.2082	6.8667e-05	0.087112	liquid
23.000	7.6000	0.78953	1.2666	248.16	257.78	1.1861	0.97153	3.4522	379.66	1.1944	6.8877e-05	0.087273	liquid
23.000	7.6500	0.79075	1.2646	247.91	257.58	1.1852	0.97040	3.4266	381.58	1.1810	6.9084e-05	0.087432	liquid
23.000	7.7000	0.79196	1.2627	247.66	257.38	1.1843	0.96930	3.4018	383.47	1.1679	6.9289e-05	0.087591	liquid
23.000	7.7500	0.79314	1.2608	247.41	257.18	1.1834	0.96824	3.3779	385.34	1.1551	6.9491e-05	0.087748	liquid
23.000	7.8000	0.79430	1.2590	247.17	256.99	1.1826	0.96720	3.3548	387.18	1.1426	6.9691e-05	0.087904	liquid
23.000	7.8500	0.79545	1.2571	246.93	256.80	1.1817	0.96620	3.3324	388.99	1.1304	6.9888e-05	0.088059	liquid
23.000	7.9000	0.79658	1.2554	246.70	256.61	1.1809	0.96522	3.3107	390.79	1.1185	7.0084e-05	0.088212	liquid
23.000	7.9500	0.79770	1.2536	246.46	256.43	1.1800	0.96427	3.2897	392.55	1.1069	7.0277e-05	0.088365	liquid
23.000	8.0000	0.79880	1.2519	246.23	256.25	1.1792	0.96335	3.2693	394.30	1.0955	7.0468e-05	0.088516	liquid
23.000	8.0500	0.79988	1.2502	246.01	256.07	1.1784	0.96245	3.2495	396.03	1.0844	7.0657e-05	0.088666	liquid
23.000	8.1000	0.80095	1.2485	245.78	255.90	1.1776	0.96157	3.2303	397.73	1.0735	7.0844e-05	0.088816	liquid
23.000	8.1500	0.80201	1.2469	245.56	255.72	1.1768	0.96072	3.2116	399.41	1.0628	7.1030e-05	0.088964	liquid
23.000	8.2000	0.80305	1.2453	245.34	255.55	1.1760	0.95989	3.1934	401.08	1.0523	7.1213e-05	0.089111	liquid
23.000	8.2500	0.80407	1.2437	245.13	255.39	1.1753	0.95909	3.1758	402.72	1.0421	7.1395e-05	0.089257	liquid
23.000	8.3000	0.80509	1.2421	244.91	255.22	1.1745	0.95830	3.1586	404.35	1.0320	7.1575e-05	0.089402	liquid
23.000	8.3500	0.80609	1.2406	244.70	255.06	1.1737	0.95753	3.1418	405.95	1.0222	7.1753e-05	0.089546	liquid
23.000	8.4000	0.80708	1.2390	244.49	254.90	1.1730	0.95679	3.1255	407.54	1.0125	7.1930e-05	0.089689	liquid
23.000	8.4500	0.80806	1.2375	244.29	254.75	1.1723	0.95606	3.1096	409.12	1.0031	7.2105e-05	0.089831	liquid
23.000	8.5000	0.80902	1.2361	244.08	254.59	1.1715	0.95535	3.0941	410.67	0.99377	7.2278e-05	0.089973	liquid
23.000	8.5500	0.80998	1.2346	243.88	254.44	1.1708	0.95465	3.0790	412.21	0.98464	7.2451e-05	0.090113	liquid
23.000	8.6000	0.81092	1.2332	243.68	254.29	1.1701	0.95398	3.0642	413.74	0.97569	7.2621e-05	0.090252	liquid
23.000	8.6500	0.81185	1.2317	243.48	254.14	1.1694	0.95332	3.0498	415.25	0.96689	7.2790e-05	0.090391	liquid
23.000	8.7000	0.81278	1.2303	243.29	253.99	1.1687	0.95267	3.0358	416.74	0.95825	7.2958e-05	0.090528	liquid
23.000	8.7500	0.81369	1.2290	243.09	253.85	1.1680	0.95204	3.0220	418.22	0.94976	7.3125e-05	0.090665	liquid
23.000	8.8000	0.81459	1.2276	242.90	253.71	1.1673	0.95142	3.0086	419.69	0.94141	7.3290e-05	0.090800	liquid
23.000	8.8500	0.81548	1.2263	242.71	253.57	1.1666	0.95082	2.9955	421.14	0.93321	7.3454e-05	0.090935	liquid
23.000	8.9000	0.81637	1.2249	242.52	253.43	1.1659	0.95023	2.9826	422.58	0.92514	7.3616e-05	0.091069	liquid
23.000	8.9500	0.81724	1.2236	242.34	253.29	1.1653	0.94966	2.9700	424.00	0.91721	7.3778e-05	0.091203	liquid
23.000	9.0000	0.81811	1.2223	242.15	253.15	1.1646	0.94910	2.9578	425.41	0.90941	7.3938e-05	0.091335	liquid
23.000	9.0500	0.81896	1.2211	241.97	253.02	1.1639	0.94855	2.9457	426.81	0.90173	7.4097e-05	0.091467	liquid
23.000	9.1000	0.81981	1.2198	241.79	252.89	1.1633	0.94801	2.9339	428.20	0.89417	7.4255e-05	0.091597	liquid
23.000	9.1500	0.82065	1.2185	241.61	252.76	1.1626	0.94749	2.9224	429.57	0.88674	7.4412e-05	0.091727	liquid
23.000	9.2000	0.82148	1.2173	241.43	252.63	1.1620	0.94697	2.9111	430.93	0.87942	7.4568e-05	0.091857	liquid
23.000	9.2500	0.82231	1.2161	241.25	252.50	1.1614	0.94647	2.9000	432.28	0.87221	7.4722e-05	0.091985	liquid
23.000	9.3000	0.82312	1.2149	241.08	252.38	1.1607	0.94597	2.8891	433.62	0.86511	7.4876e-05	0.092113	liquid
23.000	9.3500	0.82393	1.2137	240.90	252.25	1.1601	0.94549	2.8785	434.95	0.85812	7.5029e-05	0.092240	liquid
23.000	9.4000	0.82473	1.2125	240.73	252.13	1.1595	0.94502	2.8681	436.27	0.85123	7.5180e-05	0.092366	liquid
23.000	9.4500	0.82553	1.2113	240.56	252.01	1.1589	0.94456	2.8578	437.58	0.84444	7.5331e-05	0.092492	liquid
23.000	9.5000	0.82631	1.2102	240.39	251.89	1.1583	0.94410	2.8478	438.87	0.83775	7.5480e-05	0.092617	liquid
23.000	9.5500	0.82709	1.2091	240.22	251.77	1.1577	0.94366	2.8379	440.16	0.83116	7.5629e-05	0.092741	liquid
23.000	9.6000	0.82787	1.2079	240.06	251.65	1.1571	0.94322	2.8282	441.43	0.82466	7.5777e-05	0.092864	liquid
23.000	9.6500	0.82863	1.2068	239.89	251.54	1.1565	0.94280	2.8187	442.70	0.81825	7.5924e-05	0.092987	liquid
23.000	9.7000	0.82939	1.2057	239.73	251.42	1.1559	0.94238	2.8093	443.96	0.81193	7.6070e-05	0.093109	liquid
23.000	9.7500	0.83014	1.2046	239.56	251.31	1.1553	0.94197	2.8002	445.20	0.80570	7.6215e-05	0.093231	liquid
23.000	9.8000	0.83089	1.2035	239.40	251.20	1.1547	0.94157	2.7912	446.44	0.79955	7.6359e-05	0.093352	liquid
23.000	9.8500	0.83163	1.2025	239.24	251.08	1.1541	0.94117	2.7823	447.67	0.79349	7.6503e-05	0.093472	liquid
23.000	9.9000	0.83237	1.2014	239.08	250.97	1.1536	0.94079	2.7736	448.89	0.78750	7.6645e-05	0.093592	liquid
23.000	9.9500	0.83309	1.2003	238.92	250.87	1.1530	0.94041	2.7650	450.10	0.78160	7.6787e-05	0.093711	liquid
23.000	10.000	0.83382	1.1993	238.77	250.76	1.1524	0.94004	2.7566	451.30	0.77577	7.6928e-05	0.093829	liquid
23.000	10.050	0.83453	1.1983	238.61	250.65	1.1519	0.93967	2.7483	452.49	0.77002	7.7068e-05	0.093947	liquid
23.000	10.100	0.83525	1.1973	238.45	250.55	1.1513	0.93932	2.7402	453.68	0.76434	7.7208e-05	0.094064	liquid
23.000	10.150	0.83595	1.1962	238.30	250.44	1.1508	0.93897	2.7322	454.86	0.75873	7.7346e-05	0.094181	liquid
23.000	10.200	0.83665	1.1952	238.15	250.34	1.1502	0.93862	2.7243	456.03	0.75320	7.7484e-05	0.094297	liquid
23.000	10.250	0.83735	1.1942	238.00	250.24	1.1497	0.93828	2.7165	457.19	0.74773	7.7622e-05	0.094412	liquid
23.000	10.300	0.83804	1.1933	237.85	250.14	1.1491	0.93795	2.7089	458.34	0.74233	7.7758e-05	0.094527	liquid
23.000	10.350	0.83872	1.1923	237.70	250.04	1.1486	0.93763	2.7014	459.48	0.73700	7.7894e-05	0.094641	liquid
23.000	10.400	0.83940	1.1913	237.55	249.94	1.1480	0.93731	2.6940	460.62	0.73174	7.8029e-05	0.094755	liquid
23.000	10.450	0.84008	1.1904	237.40	249.84	1.1475	0.93699	2.6867	461.75	0.72653	7.8164e-05	0.094869	liquid
23.000	10.500	0.84075	1.1894	237.25	249.74	1.1470	0.93668	2.6795	462.88	0.72139	7.8298e-05	0.094981	liquid
23.000	10.550	0.84141	1.1885	237.11	249.65	1.1465	0.93638	2.6725	463.99	0.71631	7.8431e-05	0.095093	liquid
23.000	10.600	0.84207	1.1875	236.96	249.55	1.1459	0.93608	2.6655	465.10	0.71129	7.8563e-05	0.095205	liquid
23.000	10.650	0.84273	1.1866	236.82	249.46	1.1454	0.93579	2.6586	466.20	0.70632	7.8695e-05	0.095316	liquid
23.000	10.700	0.84338	1.1857	236.68	249.36	1.1449	0.93550	2.6519	467.30	0.70142	7.8827e-05	0.095427	liquid
23.000	10.750	0.84403	1.1848	236.53	249.27	1.1444	0.93522	2.6452	468.39	0.69657	7.8957e-05	0.095537	liquid
23.000	10.800	0.84467	1.1839	236.39	249.18	1.1439	0.93494	2.6386	469.47	0.69177	7.9087e-05	0.095647	liquid
23.000	10.850	0.84531	1.1830	236.25	249.09	1.1434	0.93467	2.6322	470.54	0.68703	7.9217e-05	0.095756	liquid
23.000	10.900	0.84594	1.1821	236.11	249.00	1.1429	0.93440	2.6258	471.61	0.68234	7.9346e-05	0.095865	liquid
23.000	10.950	0.84657	1.1812	235.97	248.91	1.1424	0.93414	2.6195	472.67	0.67771	7.9474e-05	0.095973	liquid
23.000	11.000	0.84720	1.1804	235.84	248.82	1.1419	0.93388	2.6133	473.73	0.67312	7.9602e-05	0.096081	liquid
23.000	11.050	0.84782	1.1795	235.70	248.73	1.1414	0.93363	2.6071	474.78	0.66859	7.9729e-05	0.096188	liquid
23.000	11.100	0.84844	1.1786	235.56	248.65	1.1409	0.93338	2.6011	475.83	0.66410	7.9855e-05	0.096295	liquid
23.000	11.150	0.84905	1.1778	235.43	248.56	1.1404	0.93313	2.5951	476.86	0.65967	7.9981e-05	0.096401	liquid
23.000	11.200	0.84966	1.1769	235.29	248.47	1.1399	0.93289	2.5893	477.90	0.65527	8.0107e-05	0.096507	liquid
23.000	11.250	0.85026	1.1761	235.16	248.39	1.1394	0.93265	2.5834	478.92	0.65093	8.0232e-05	0.096613	liquid
23.000	11.300	0.85087	1.1753	235.03	248.31	1.1389	0.93242	2.5777	479.94	0.64663	8.0357e-05	0.096718	liquid
23.000	11.350	0.85146	1.1744	234.89	248.22	1.1385	0.93219	2.5721	480.96	0.64238	8.0480e-05	0.096823	liquid
23.000	11.400	0.85206	1.1736	234.76	248.14	1.1380	0.93196	2.5665	481.97	0.63817	8.0604e-05	0.096927	liquid
23.000	11.450	0.85265	1.1728	234.63	248.06	1.1375	0.93174	2.5610	482.97	0.63400	8.0727e-05	0.097031	liquid
23.000	11.500	0.85324	1.1720	234.50	247.98	1.1370	0.93152	2.5555	483.97	0.62988	8.0849e-05	0.097134	liquid
23.000	11.550	0.85382	1.1712	234.37	247.90	1.1366	0.93130	2.5502	484.96	0.62579	8.0971e-05	0.097237	liquid
23.000	11.600	0.85440	1.1704	234.24	247.82	1.1361	0.93109	2.5448	485.95	0.62175	8.1093e-05	0.097339	liquid
23.000	11.650	0.85498	1.1696	234.11	247.74	1.1356	0.93088	2.5396	486.93	0.61775	8.1214e-05	0.097442	liquid
23.000	11.700	0.85555	1.1688	233.99	247.66	1.1352	0.93068	2.5344	487.91	0.61379	8.1335e-05	0.097543	liquid
23.000	11.750	0.85612	1.1681	233.86	247.59	1.1347	0.93048	2.5293	488.88	0.60986	8.1455e-05	0.097645	liquid
23.000	11.800	0.85669	1.1673	233.73	247.51	1.1343	0.93028	2.5243	489.85	0.60598	8.1574e-05	0.097746	liquid
23.000	11.850	0.85725	1.1665	233.61	247.43	1.1338	0.93008	2.5193	490.81	0.60213	8.1694e-05	0.097846	liquid
23.000	11.900	0.85781	1.1658	233.48	247.36	1.1334	0.92989	2.5143	491.77	0.59832	8.1812e-05	0.097946	liquid
23.000	11.950	0.85837	1.1650	233.36	247.28	1.1329	0.92970	2.5095	492.73	0.59455	8.1931e-05	0.098046	liquid
23.000	12.000	0.85893	1.1642	233.24	247.21	1.1325	0.92951	2.5046	493.67	0.59081	8.2049e-05	0.098146	liquid
23.000	12.050	0.85948	1.1635	233.11	247.13	1.1320	0.92933	2.4999	494.62	0.58711	8.2166e-05	0.098245	liquid
23.000	12.100	0.86003	1.1628	232.99	247.06	1.1316	0.92915	2.4952	495.56	0.58344	8.2283e-05	0.098343	liquid
23.000	12.150	0.86057	1.1620	232.87	246.99	1.1311	0.92897	2.4905	496.49	0.57981	8.2400e-05	0.098442	liquid
23.000	12.200	0.86111	1.1613	232.75	246.92	1.1307	0.92879	2.4859	497.42	0.57620	8.2516e-05	0.098540	liquid
23.000	12.250	0.86165	1.1606	232.63	246.84	1.1303	0.92862	2.4814	498.35	0.57264	8.2632e-05	0.098637	liquid
23.000	12.300	0.86219	1.1598	232.51	246.77	1.1298	0.92845	2.4769	499.27	0.56910	8.2747e-05	0.098735	liquid
23.000	12.350	0.86272	1.1591	232.39	246.70	1.1294	0.92828	2.4724	500.18	0.56560	8.2862e-05	0.098832	liquid
23.000	12.400	0.86325	1.1584	232.27	246.63	1.1290	0.92812	2.4680	501.10	0.56213	8.2977e-05	0.098928	liquid
23.000	12.450	0.86378	1.1577	232.15	246.57	1.1285	0.92796	2.4637	502.00	0.55869	8.3091e-05	0.099024	liquid
23.000	12.500	0.86431	1.1570	232.03	246.50	1.1281	0.92780	2.4594	502.91	0.55528	8.3205e-05	0.099120	liquid
23.000	12.550	0.86483	1.1563	231.92	246.43	1.1277	0.92764	2.4551	503.81	0.55190	8.3318e-05	0.099216	liquid
23.000	12.600	0.86535	1.1556	231.80	246.36	1.1273	0.92748	2.4509	504.70	0.54855	8.3432e-05	0.099311	liquid
23.000	12.650	0.86587	1.1549	231.68	246.29	1.1268	0.92733	2.4467	505.60	0.54523	8.3544e-05	0.099406	liquid
23.000	12.700	0.86638	1.1542	231.57	246.23	1.1264	0.92718	2.4426	506.48	0.54194	8.3657e-05	0.099501	liquid
23.000	12.750	0.86689	1.1535	231.45	246.16	1.1260	0.92703	2.4385	507.37	0.53867	8.3769e-05	0.099595	liquid
23.000	12.800	0.86740	1.1529	231.34	246.10	1.1256	0.92689	2.4345	508.25	0.53544	8.3880e-05	0.099689	liquid
23.000	12.850	0.86791	1.1522	231.23	246.03	1.1252	0.92674	2.4305	509.12	0.53223	8.3992e-05	0.099783	liquid
23.000	12.900	0.86842	1.1515	231.11	245.97	1.1248	0.92660	2.4266	509.99	0.52905	8.4103e-05	0.099876	liquid
23.000	12.950	0.86892	1.1509	231.00	245.90	1.1243	0.92646	2.4226	510.86	0.52589	8.4213e-05	0.099969	liquid
23.000	13.000	0.86942	1.1502	230.89	245.84	1.1239	0.92632	2.4188	511.73	0.52277	8.4324e-05	0.10006	liquid
23.000	13.050	0.86991	1.1495	230.78	245.78	1.1235	0.92619	2.4149	512.59	0.51966	8.4434e-05	0.10015	liquid
23.000	13.100	0.87041	1.1489	230.66	245.71	1.1231	0.92605	2.4111	513.45	0.51659	8.4543e-05	0.10025	liquid
23.000	13.150	0.87090	1.1482	230.55	245.65	1.1227	0.92592	2.4074	514.30	0.51354	8.4652e-05	0.10034	liquid
23.000	13.200	0.87139	1.1476	230.44	245.59	1.1223	0.92579	2.4037	515.15	0.51051	8.4761e-05	0.10043	liquid
23.000	13.250	0.87188	1.1469	230.33	245.53	1.1219	0.92566	2.4000	516.00	0.50751	8.4870e-05	0.10052	liquid
23.000	13.300	0.87237	1.1463	230.22	245.47	1.1215	0.92554	2.3963	516.84	0.50453	8.4978e-05	0.10061	liquid
23.000	13.350	0.87285	1.1457	230.11	245.41	1.1211	0.92541	2.3927	517.68	0.50158	8.5086e-05	0.10070	liquid
23.000	13.400	0.87333	1.1450	230.01	245.35	1.1207	0.92529	2.3891	518.51	0.49865	8.5194e-05	0.10079	liquid
23.000	13.450	0.87381	1.1444	229.90	245.29	1.1203	0.92517	2.3856	519.35	0.49574	8.5301e-05	0.10088	liquid
23.000	13.500	0.87429	1.1438	229.79	245.23	1.1199	0.92505	2.3821	520.18	0.49286	8.5409e-05	0.10097	liquid
23.000	13.550	0.87476	1.1432	229.68	245.17	1.1195	0.92493	2.3786	521.00	0.49000	8.5515e-05	0.10106	liquid
23.000	13.600	0.87523	1.1426	229.58	245.11	1.1192	0.92482	2.3752	521.83	0.48716	8.5622e-05	0.10115	liquid
23.000	13.650	0.87571	1.1419	229.47	245.06	1.1188	0.92470	2.3718	522.65	0.48435	8.5728e-05	0.10124	liquid
23.000	13.700	0.87617	1.1413	229.36	245.00	1.1184	0.92459	2.3684	523.46	0.48155	8.5834e-05	0.10133	liquid
23.000	13.750	0.87664	1.1407	229.26	244.94	1.1180	0.92448	2.3650	524.27	0.47878	8.5939e-05	0.10142	liquid
23.000	13.800	0.87710	1.1401	229.15	244.89	1.1176	0.92437	2.3617	525.08	0.47603	8.6045e-05	0.10151	liquid
23.000	13.850	0.87757	1.1395	229.05	244.83	1.1172	0.92426	2.3584	525.89	0.47330	8.6150e-05	0.10159	liquid
23.000	13.900	0.87803	1.1389	228.94	244.77	1.1169	0.92416	2.3552	526.70	0.47059	8.6255e-05	0.10168	liquid
23.000	13.950	0.87849	1.1383	228.84	244.72	1.1165	0.92405	2.3519	527.50	0.46790	8.6359e-05	0.10177	liquid
23.000	14.000	0.87894	1.1377	228.74	244.66	1.1161	0.92395	2.3487	528.29	0.46523	8.6463e-05	0.10186	liquid
23.000	14.050	0.87940	1.1371	228.63	244.61	1.1157	0.92385	2.3456	529.09	0.46258	8.6567e-05	0.10194	liquid
23.000	14.100	0.87985	1.1366	228.53	244.56	1.1154	0.92375	2.3424	529.88	0.45995	8.6671e-05	0.10203	liquid
23.000	14.150	0.88030	1.1360	228.43	244.50	1.1150	0.92365	2.3393	530.67	0.45734	8.6774e-05	0.10212	liquid
23.000	14.200	0.88075	1.1354	228.33	244.45	1.1146	0.92355	2.3362	531.45	0.45474	8.6877e-05	0.10220	liquid
23.000	14.250	0.88120	1.1348	228.22	244.40	1.1142	0.92345	2.3332	532.24	0.45217	8.6980e-05	0.10229	liquid
23.000	14.300	0.88164	1.1342	228.12	244.34	1.1139	0.92336	2.3301	533.02	0.44962	8.7083e-05	0.10237	liquid
23.000	14.350	0.88208	1.1337	228.02	244.29	1.1135	0.92327	2.3271	533.79	0.44708	8.7185e-05	0.10246	liquid
23.000	14.400	0.88252	1.1331	227.92	244.24	1.1131	0.92317	2.3241	534.57	0.44456	8.7287e-05	0.10254	liquid
23.000	14.450	0.88296	1.1325	227.82	244.19	1.1128	0.92308	2.3212	535.34	0.44206	8.7389e-05	0.10263	liquid
23.000	14.500	0.88340	1.1320	227.72	244.14	1.1124	0.92299	2.3182	536.11	0.43958	8.7490e-05	0.10271	liquid
23.000	14.550	0.88384	1.1314	227.62	244.09	1.1120	0.92290	2.3153	536.88	0.43712	8.7592e-05	0.10280	liquid
23.000	14.600	0.88427	1.1309	227.52	244.04	1.1117	0.92282	2.3125	537.64	0.43467	8.7693e-05	0.10288	liquid
23.000	14.650	0.88471	1.1303	227.43	243.99	1.1113	0.92273	2.3096	538.40	0.43224	8.7794e-05	0.10297	liquid
23.000	14.700	0.88514	1.1298	227.33	243.94	1.1110	0.92265	2.3068	539.16	0.42983	8.7894e-05	0.10305	liquid
23.000	14.750	0.88557	1.1292	227.23	243.89	1.1106	0.92256	2.3039	539.91	0.42743	8.7995e-05	0.10313	liquid
23.000	14.800	0.88599	1.1287	227.13	243.84	1.1102	0.92248	2.3012	540.67	0.42505	8.8095e-05	0.10322	liquid
23.000	14.850	0.88642	1.1281	227.04	243.79	1.1099	0.92240	2.2984	541.42	0.42269	8.8195e-05	0.10330	liquid
23.000	14.900	0.88684	1.1276	226.94	243.74	1.1095	0.92232	2.2956	542.17	0.42034	8.8294e-05	0.10338	liquid
23.000	14.950	0.88727	1.1271	226.84	243.69	1.1092	0.92224	2.2929	542.91	0.41801	8.8394e-05	0.10347	liquid
23.000	15.000	0.88769	1.1265	226.75	243.64	1.1088	0.92216	2.2902	543.65	0.41570	8.8493e-05	0.10355	liquid
23.000	15.050	0.88811	1.1260	226.65	243.60	1.1085	0.92208	2.2876	544.39	0.41340	8.8592e-05	0.10363	liquid
23.000	15.100	0.88852	1.1255	226.55	243.55	1.1081	0.92201	2.2849	545.13	0.41111	8.8691e-05	0.10371	liquid
23.000	15.150	0.88894	1.1249	226.46	243.50	1.1078	0.92193	2.2823	545.87	0.40885	8.8789e-05	0.10380	liquid
23.000	15.200	0.88935	1.1244	226.37	243.46	1.1074	0.92186	2.2796	546.60	0.40659	8.8887e-05	0.10388	liquid
23.000	15.250	0.88977	1.1239	226.27	243.41	1.1071	0.92179	2.2771	547.33	0.40435	8.8985e-05	0.10396	liquid
23.000	15.300	0.89018	1.1234	226.18	243.36	1.1067	0.92172	2.2745	548.06	0.40213	8.9083e-05	0.10404	liquid
23.000	15.350	0.89059	1.1229	226.08	243.32	1.1064	0.92164	2.2719	548.78	0.39992	8.9181e-05	0.10412	liquid
23.000	15.400	0.89100	1.1223	225.99	243.27	1.1061	0.92158	2.2694	549.51	0.39772	8.9278e-05	0.10420	liquid
23.000	15.450	0.89140	1.1218	225.90	243.23	1.1057	0.92151	2.2669	550.23	0.39554	8.9375e-05	0.10428	liquid
23.000	15.500	0.89181	1.1213	225.80	243.18	1.1054	0.92144	2.2644	550.95	0.39338	8.9472e-05	0.10436	liquid
23.000	15.550	0.89221	1.1208	225.71	243.14	1.1050	0.92137	2.2619	551.66	0.39122	8.9569e-05	0.10444	liquid
23.000	15.600	0.89262	1.1203	225.62	243.10	1.1047	0.92131	2.2594	552.38	0.38909	8.9666e-05	0.10452	liquid
23.000	15.650	0.89302	1.1198	225.53	243.05	1.1044	0.92124	2.2570	553.09	0.38696	8.9762e-05	0.10460	liquid
23.000	15.700	0.89342	1.1193	225.43	243.01	1.1040	0.92118	2.2546	553.80	0.38485	8.9858e-05	0.10468	liquid
23.000	15.750	0.89382	1.1188	225.34	242.96	1.1037	0.92111	2.2522	554.51	0.38275	8.9954e-05	0.10476	liquid
23.000	15.800	0.89421	1.1183	225.25	242.92	1.1034	0.92105	2.2498	555.21	0.38067	9.0050e-05	0.10484	liquid
23.000	15.850	0.89461	1.1178	225.16	242.88	1.1030	0.92099	2.2474	555.92	0.37859	9.0146e-05	0.10492	liquid
23.000	15.900	0.89500	1.1173	225.07	242.84	1.1027	0.92093	2.2451	556.62	0.37654	9.0241e-05	0.10500	liquid
23.000	15.950	0.89539	1.1168	224.98	242.79	1.1024	0.92087	2.2427	557.32	0.37449	9.0336e-05	0.10508	liquid
23.000	16.000	0.89579	1.1163	224.89	242.75	1.1020	0.92081	2.2404	558.01	0.37246	9.0431e-05	0.10516	liquid
23.000	16.050	0.89618	1.1159	224.80	242.71	1.1017	0.92075	2.2381	558.71	0.37043	9.0526e-05	0.10523	liquid
23.000	16.100	0.89656	1.1154	224.71	242.67	1.1014	0.92069	2.2358	559.40	0.36843	9.0621e-05	0.10531	liquid
23.000	16.150	0.89695	1.1149	224.62	242.63	1.1011	0.92064	2.2336	560.09	0.36643	9.0715e-05	0.10539	liquid
23.000	16.200	0.89734	1.1144	224.53	242.59	1.1007	0.92058	2.2313	560.78	0.36445	9.0809e-05	0.10547	liquid
23.000	16.250	0.89772	1.1139	224.45	242.55	1.1004	0.92052	2.2291	561.47	0.36247	9.0903e-05	0.10555	liquid
23.000	16.300	0.89811	1.1135	224.36	242.51	1.1001	0.92047	2.2269	562.15	0.36051	9.0997e-05	0.10562	liquid
23.000	16.350	0.89849	1.1130	224.27	242.47	1.0998	0.92042	2.2247	562.83	0.35856	9.1091e-05	0.10570	liquid
23.000	16.400	0.89887	1.1125	224.18	242.43	1.0994	0.92036	2.2225	563.51	0.35663	9.1184e-05	0.10578	liquid
23.000	16.450	0.89925	1.1120	224.09	242.39	1.0991	0.92031	2.2203	564.19	0.35470	9.1277e-05	0.10585	liquid
23.000	16.500	0.89963	1.1116	224.01	242.35	1.0988	0.92026	2.2182	564.87	0.35279	9.1371e-05	0.10593	liquid
23.000	16.550	0.90000	1.1111	223.92	242.31	1.0985	0.92021	2.2160	565.54	0.35089	9.1464e-05	0.10601	liquid
23.000	16.600	0.90038	1.1106	223.83	242.27	1.0982	0.92016	2.2139	566.22	0.34900	9.1556e-05	0.10608	liquid
23.000	16.650	0.90076	1.1102	223.75	242.23	1.0978	0.92011	2.2118	566.89	0.34712	9.1649e-05	0.10616	liquid
23.000	16.700	0.90113	1.1097	223.66	242.19	1.0975	0.92006	2.2097	567.56	0.34525	9.1741e-05	0.10624	liquid
23.000	16.750	0.90150	1.1093	223.58	242.16	1.0972	0.92001	2.2076	568.22	0.34339	9.1834e-05	0.10631	liquid
23.000	16.800	0.90187	1.1088	223.49	242.12	1.0969	0.91997	2.2055	568.89	0.34154	9.1926e-05	0.10639	liquid
23.000	16.850	0.90224	1.1084	223.40	242.08	1.0966	0.91992	2.2035	569.55	0.33970	9.2017e-05	0.10646	liquid
23.000	16.900	0.90261	1.1079	223.32	242.04	1.0963	0.91987	2.2014	570.21	0.33788	9.2109e-05	0.10654	liquid
23.000	16.950	0.90298	1.1074	223.23	242.01	1.0960	0.91983	2.1994	570.87	0.33606	9.2201e-05	0.10661	liquid
23.000	17.000	0.90334	1.1070	223.15	241.97	1.0956	0.91978	2.1974	571.53	0.33426	9.2292e-05	0.10669	liquid
23.000	17.050	0.90371	1.1066	223.07	241.93	1.0953	0.91974	2.1954	572.19	0.33246	9.2383e-05	0.10676	liquid
23.000	17.100	0.90407	1.1061	222.98	241.90	1.0950	0.91970	2.1934	572.84	0.33068	9.2474e-05	0.10684	liquid
23.000	17.150	0.90444	1.1057	222.90	241.86	1.0947	0.91965	2.1914	573.49	0.32890	9.2565e-05	0.10691	liquid
23.000	17.200	0.90480	1.1052	222.81	241.82	1.0944	0.91961	2.1894	574.14	0.32714	9.2656e-05	0.10699	liquid
23.000	17.250	0.90516	1.1048	222.73	241.79	1.0941	0.91957	2.1875	574.79	0.32538	9.2747e-05	0.10706	liquid
23.000	17.300	0.90552	1.1043	222.65	241.75	1.0938	0.91953	2.1855	575.44	0.32364	9.2837e-05	0.10714	liquid
23.000	17.350	0.90588	1.1039	222.57	241.72	1.0935	0.91949	2.1836	576.08	0.32190	9.2927e-05	0.10721	liquid
23.000	17.400	0.90623	1.1035	222.48	241.68	1.0932	0.91945	2.1817	576.73	0.32018	9.3017e-05	0.10728	liquid
23.000	17.450	0.90659	1.1030	222.40	241.65	1.0929	0.91941	2.1798	577.37	0.31846	9.3107e-05	0.10736	liquid
23.000	17.500	0.90694	1.1026	222.32	241.61	1.0926	0.91937	2.1779	578.01	0.31675	9.3197e-05	0.10743	liquid
23.000	17.550	0.90730	1.1022	222.24	241.58	1.0923	0.91933	2.1760	578.65	0.31505	9.3287e-05	0.10750	liquid
23.000	17.600	0.90765	1.1017	222.15	241.54	1.0920	0.91929	2.1742	579.29	0.31337	9.3376e-05	0.10758	liquid
23.000	17.650	0.90800	1.1013	222.07	241.51	1.0917	0.91926	2.1723	579.92	0.31169	9.3466e-05	0.10765	liquid
23.000	17.700	0.90835	1.1009	221.99	241.48	1.0914	0.91922	2.1705	580.56	0.31002	9.3555e-05	0.10772	liquid
23.000	17.750	0.90870	1.1005	221.91	241.44	1.0911	0.91919	2.1687	581.19	0.30836	9.3644e-05	0.10779	liquid
23.000	17.800	0.90905	1.1000	221.83	241.41	1.0908	0.91915	2.1668	581.82	0.30670	9.3733e-05	0.10787	liquid
23.000	17.850	0.90940	1.0996	221.75	241.38	1.0905	0.91911	2.1650	582.45	0.30506	9.3821e-05	0.10794	liquid
23.000	17.900	0.90975	1.0992	221.67	241.34	1.0902	0.91908	2.1632	583.07	0.30343	9.3910e-05	0.10801	liquid
23.000	17.950	0.91009	1.0988	221.59	241.31	1.0899	0.91905	2.1614	583.70	0.30180	9.3998e-05	0.10808	liquid
23.000	18.000	0.91044	1.0984	221.51	241.28	1.0896	0.91901	2.1597	584.32	0.30018	9.4087e-05	0.10816	liquid
23.000	18.050	0.91078	1.0980	221.43	241.25	1.0893	0.91898	2.1579	584.95	0.29857	9.4175e-05	0.10823	liquid
23.000	18.100	0.91112	1.0975	221.35	241.21	1.0890	0.91895	2.1562	585.57	0.29697	9.4263e-05	0.10830	liquid
23.000	18.150	0.91146	1.0971	221.27	241.18	1.0887	0.91892	2.1544	586.19	0.29538	9.4351e-05	0.10837	liquid
23.000	18.200	0.91181	1.0967	221.19	241.15	1.0884	0.91888	2.1527	586.81	0.29380	9.4438e-05	0.10844	liquid
23.000	18.250	0.91215	1.0963	221.11	241.12	1.0881	0.91885	2.1510	587.42	0.29222	9.4526e-05	0.10851	liquid
23.000	18.300	0.91248	1.0959	221.03	241.09	1.0878	0.91882	2.1492	588.04	0.29066	9.4613e-05	0.10858	liquid
23.000	18.350	0.91282	1.0955	220.95	241.06	1.0875	0.91879	2.1475	588.65	0.28910	9.4701e-05	0.10866	liquid
23.000	18.400	0.91316	1.0951	220.88	241.03	1.0872	0.91876	2.1459	589.26	0.28755	9.4788e-05	0.10873	liquid
23.000	18.450	0.91349	1.0947	220.80	241.00	1.0870	0.91873	2.1442	589.87	0.28600	9.4875e-05	0.10880	liquid
23.000	18.500	0.91383	1.0943	220.72	240.96	1.0867	0.91871	2.1425	590.48	0.28447	9.4962e-05	0.10887	liquid
23.000	18.550	0.91416	1.0939	220.64	240.93	1.0864	0.91868	2.1408	591.09	0.28294	9.5049e-05	0.10894	liquid
23.000	18.600	0.91450	1.0935	220.56	240.90	1.0861	0.91865	2.1392	591.70	0.28142	9.5135e-05	0.10901	liquid
23.000	18.650	0.91483	1.0931	220.49	240.87	1.0858	0.91862	2.1375	592.30	0.27991	9.5222e-05	0.10908	liquid
23.000	18.700	0.91516	1.0927	220.41	240.84	1.0855	0.91860	2.1359	592.90	0.27840	9.5308e-05	0.10915	liquid
23.000	18.750	0.91549	1.0923	220.33	240.81	1.0852	0.91857	2.1343	593.51	0.27691	9.5394e-05	0.10922	liquid
23.000	18.800	0.91582	1.0919	220.26	240.79	1.0850	0.91854	2.1327	594.11	0.27542	9.5480e-05	0.10929	liquid
23.000	18.850	0.91615	1.0915	220.18	240.76	1.0847	0.91852	2.1311	594.71	0.27394	9.5566e-05	0.10936	liquid
23.000	18.900	0.91647	1.0911	220.10	240.73	1.0844	0.91849	2.1295	595.30	0.27246	9.5652e-05	0.10943	liquid
23.000	18.950	0.91680	1.0907	220.03	240.70	1.0841	0.91847	2.1279	595.90	0.27099	9.5738e-05	0.10950	liquid
23.000	19.000	0.91713	1.0904	219.95	240.67	1.0838	0.91844	2.1263	596.49	0.26953	9.5823e-05	0.10957	liquid
23.000	19.050	0.91745	1.0900	219.88	240.64	1.0835	0.91842	2.1247	597.09	0.26808	9.5909e-05	0.10964	liquid
23.000	19.100	0.91778	1.0896	219.80	240.61	1.0833	0.91839	2.1232	597.68	0.26664	9.5994e-05	0.10970	liquid
23.000	19.150	0.91810	1.0892	219.73	240.58	1.0830	0.91837	2.1216	598.27	0.26520	9.6079e-05	0.10977	liquid
23.000	19.200	0.91842	1.0888	219.65	240.56	1.0827	0.91835	2.1201	598.86	0.26377	9.6164e-05	0.10984	liquid
23.000	19.250	0.91874	1.0884	219.58	240.53	1.0824	0.91833	2.1185	599.45	0.26234	9.6249e-05	0.10991	liquid
23.000	19.300	0.91906	1.0881	219.50	240.50	1.0822	0.91830	2.1170	600.03	0.26092	9.6334e-05	0.10998	liquid
23.000	19.350	0.91938	1.0877	219.43	240.47	1.0819	0.91828	2.1155	600.62	0.25951	9.6419e-05	0.11005	liquid
23.000	19.400	0.91970	1.0873	219.35	240.45	1.0816	0.91826	2.1140	601.20	0.25811	9.6503e-05	0.11012	liquid
23.000	19.450	0.92002	1.0869	219.28	240.42	1.0813	0.91824	2.1125	601.79	0.25671	9.6588e-05	0.11018	liquid
23.000	19.500	0.92034	1.0866	219.20	240.39	1.0811	0.91822	2.1110	602.37	0.25532	9.6672e-05	0.11025	liquid
23.000	19.550	0.92065	1.0862	219.13	240.36	1.0808	0.91820	2.1095	602.95	0.25394	9.6756e-05	0.11032	liquid
23.000	19.600	0.92097	1.0858	219.06	240.34	1.0805	0.91818	2.1080	603.53	0.25256	9.6841e-05	0.11039	liquid
23.000	19.650	0.92128	1.0854	218.98	240.31	1.0802	0.91816	2.1066	604.11	0.25119	9.6924e-05	0.11045	liquid
23.000	19.700	0.92160	1.0851	218.91	240.28	1.0800	0.91814	2.1051	604.68	0.24982	9.7008e-05	0.11052	liquid
23.000	19.750	0.92191	1.0847	218.84	240.26	1.0797	0.91812	2.1037	605.26	0.24847	9.7092e-05	0.11059	liquid
23.000	19.800	0.92222	1.0843	218.76	240.23	1.0794	0.91810	2.1022	605.83	0.24711	9.7176e-05	0.11066	liquid
23.000	19.850	0.92254	1.0840	218.69	240.21	1.0791	0.91808	2.1008	606.40	0.24577	9.7259e-05	0.11072	liquid
23.000	19.900	0.92285	1.0836	218.62	240.18	1.0789	0.91806	2.0993	606.98	0.24443	9.7343e-05	0.11079	liquid
23.000	19.950	0.92316	1.0832	218.54	240.16	1.0786	0.91805	2.0979	607.55	0.24310	9.7426e-05	0.11086	liquid
23.000	20.000	0.92347	1.0829	218.47	240.13	1.0783	0.91803	2.0965	608.12	0.24177	9.7509e-05	0.11092	liquid
23.000	20.050	0.92377	1.0825	218.40	240.10	1.0781	0.91801	2.0951	608.68	0.24045	9.7592e-05	0.11099	liquid
23.000	20.100	0.92408	1.0822	218.33	240.08	1.0778	0.91800	2.0937	609.25	0.23913	9.7675e-05	0.11106	liquid
23.000	20.150	0.92439	1.0818	218.26	240.05	1.0775	0.91798	2.0923	609.82	0.23783	9.7758e-05	0.11112	liquid
23.000	20.200	0.92469	1.0814	218.18	240.03	1.0773	0.91796	2.0909	610.38	0.23652	9.7841e-05	0.11119	liquid
23.000	20.250	0.92500	1.0811	218.11	240.00	1.0770	0.91795	2.0895	610.94	0.23523	9.7923e-05	0.11126	liquid
23.000	20.300	0.92530	1.0807	218.04	239.98	1.0767	0.91793	2.0882	611.50	0.23394	9.8006e-05	0.11132	liquid
23.000	20.350	0.92561	1.0804	217.97	239.96	1.0765	0.91792	2.0868	612.07	0.23265	9.8088e-05	0.11139	liquid
23.000	20.400	0.92591	1.0800	217.90	239.93	1.0762	0.91790	2.0854	612.63	0.23137	9.8170e-05	0.11145	liquid
23.000	20.450	0.92621	1.0797	217.83	239.91	1.0759	0.91789	2.0841	613.18	0.23010	9.8253e-05	0.11152	liquid
23.000	20.500	0.92651	1.0793	217.76	239.88	1.0757	0.91787	2.0827	613.74	0.22883	9.8335e-05	0.11159	liquid
23.000	20.550	0.92682	1.0790	217.69	239.86	1.0754	0.91786	2.0814	614.30	0.22757	9.8417e-05	0.11165	liquid
23.000	20.600	0.92712	1.0786	217.62	239.84	1.0752	0.91785	2.0801	614.85	0.22631	9.8499e-05	0.11172	liquid
23.000	20.650	0.92741	1.0783	217.55	239.81	1.0749	0.91783	2.0788	615.41	0.22506	9.8580e-05	0.11178	liquid
23.000	20.700	0.92771	1.0779	217.48	239.79	1.0746	0.91782	2.0774	615.96	0.22382	9.8662e-05	0.11185	liquid
23.000	20.750	0.92801	1.0776	217.41	239.77	1.0744	0.91781	2.0761	616.51	0.22258	9.8743e-05	0.11191	liquid
23.000	20.800	0.92831	1.0772	217.34	239.74	1.0741	0.91779	2.0748	617.06	0.22134	9.8825e-05	0.11198	liquid
23.000	20.850	0.92861	1.0769	217.27	239.72	1.0739	0.91778	2.0735	617.61	0.22012	9.8906e-05	0.11204	liquid
23.000	20.900	0.92890	1.0765	217.20	239.70	1.0736	0.91777	2.0722	618.16	0.21889	9.8987e-05	0.11211	liquid
23.000	20.950	0.92920	1.0762	217.13	239.68	1.0733	0.91776	2.0710	618.71	0.21767	9.9069e-05	0.11217	liquid
23.000	21.000	0.92949	1.0759	217.06	239.65	1.0731	0.91775	2.0697	619.25	0.21646	9.9150e-05	0.11224	liquid
23.000	21.050	0.92978	1.0755	216.99	239.63	1.0728	0.91773	2.0684	619.80	0.21525	9.9231e-05	0.11230	liquid
23.000	21.100	0.93008	1.0752	216.92	239.61	1.0726	0.91772	2.0671	620.34	0.21405	9.9311e-05	0.11237	liquid
23.000	21.150	0.93037	1.0748	216.85	239.59	1.0723	0.91771	2.0659	620.88	0.21286	9.9392e-05	0.11243	liquid
23.000	21.200	0.93066	1.0745	216.78	239.56	1.0721	0.91770	2.0646	621.43	0.21166	9.9473e-05	0.11249	liquid
23.000	21.250	0.93095	1.0742	216.72	239.54	1.0718	0.91769	2.0634	621.97	0.21048	9.9553e-05	0.11256	liquid
23.000	21.300	0.93124	1.0738	216.65	239.52	1.0716	0.91768	2.0621	622.51	0.20930	9.9634e-05	0.11262	liquid
23.000	21.350	0.93153	1.0735	216.58	239.50	1.0713	0.91767	2.0609	623.05	0.20812	9.9714e-05	0.11269	liquid
23.000	21.400	0.93182	1.0732	216.51	239.48	1.0710	0.91766	2.0597	623.58	0.20695	9.9794e-05	0.11275	liquid
23.000	21.450	0.93211	1.0728	216.44	239.46	1.0708	0.91765	2.0584	624.12	0.20578	9.9874e-05	0.11281	liquid
23.000	21.500	0.93240	1.0725	216.38	239.44	1.0705	0.91764	2.0572	624.66	0.20462	9.9955e-05	0.11288	liquid
23.000	21.550	0.93268	1.0722	216.31	239.41	1.0703	0.91763	2.0560	625.19	0.20346	0.00010003	0.11294	liquid
23.000	21.600	0.93297	1.0718	216.24	239.39	1.0700	0.91763	2.0548	625.72	0.20231	0.00010011	0.11300	liquid
23.000	21.650	0.93326	1.0715	216.17	239.37	1.0698	0.91762	2.0536	626.26	0.20117	0.00010019	0.11307	liquid
23.000	21.700	0.93354	1.0712	216.11	239.35	1.0695	0.91761	2.0524	626.79	0.20002	0.00010027	0.11313	liquid
23.000	21.750	0.93382	1.0709	216.04	239.33	1.0693	0.91760	2.0512	627.32	0.19889	0.00010035	0.11319	liquid
23.000	21.800	0.93411	1.0705	215.97	239.31	1.0690	0.91759	2.0500	627.85	0.19775	0.00010043	0.11326	liquid
23.000	21.850	0.93439	1.0702	215.91	239.29	1.0688	0.91759	2.0489	628.38	0.19663	0.00010051	0.11332	liquid
23.000	21.900	0.93467	1.0699	215.84	239.27	1.0685	0.91758	2.0477	628.91	0.19550	0.00010059	0.11338	liquid
23.000	21.950	0.93496	1.0696	215.77	239.25	1.0683	0.91757	2.0465	629.43	0.19438	0.00010067	0.11344	liquid
23.000	22.000	0.93524	1.0692	215.71	239.23	1.0680	0.91757	2.0454	629.96	0.19327	0.00010075	0.11351	liquid
23.000	22.050	0.93552	1.0689	215.64	239.21	1.0678	0.91756	2.0442	630.48	0.19216	0.00010083	0.11357	liquid
23.000	22.100	0.93580	1.0686	215.58	239.19	1.0675	0.91755	2.0431	631.01	0.19106	0.00010091	0.11363	liquid
23.000	22.150	0.93608	1.0683	215.51	239.17	1.0673	0.91755	2.0419	631.53	0.18996	0.00010099	0.11369	liquid
23.000	22.200	0.93636	1.0680	215.44	239.15	1.0671	0.91754	2.0408	632.05	0.18886	0.00010107	0.11376	liquid
23.000	22.250	0.93663	1.0677	215.38	239.13	1.0668	0.91753	2.0396	632.57	0.18777	0.00010114	0.11382	liquid
23.000	22.300	0.93691	1.0673	215.31	239.12	1.0666	0.91753	2.0385	633.09	0.18668	0.00010122	0.11388	liquid
23.000	22.350	0.93719	1.0670	215.25	239.10	1.0663	0.91752	2.0374	633.61	0.18560	0.00010130	0.11394	liquid
23.000	22.400	0.93746	1.0667	215.18	239.08	1.0661	0.91752	2.0363	634.13	0.18452	0.00010138	0.11401	liquid
23.000	22.450	0.93774	1.0664	215.12	239.06	1.0658	0.91751	2.0351	634.65	0.18345	0.00010146	0.11407	liquid
23.000	22.500	0.93801	1.0661	215.05	239.04	1.0656	0.91751	2.0340	635.16	0.18238	0.00010154	0.11413	liquid
23.000	22.550	0.93829	1.0658	214.99	239.02	1.0653	0.91750	2.0329	635.68	0.18131	0.00010161	0.11419	liquid
23.000	22.600	0.93856	1.0655	214.92	239.00	1.0651	0.91750	2.0318	636.19	0.18025	0.00010169	0.11425	liquid
23.000	22.650	0.93884	1.0651	214.86	238.98	1.0649	0.91750	2.0307	636.71	0.17919	0.00010177	0.11431	liquid
23.000	22.700	0.93911	1.0648	214.79	238.97	1.0646	0.91749	2.0296	637.22	0.17814	0.00010185	0.11437	liquid
23.000	22.750	0.93938	1.0645	214.73	238.95	1.0644	0.91749	2.0286	637.73	0.17709	0.00010193	0.11444	liquid
23.000	22.800	0.93965	1.0642	214.67	238.93	1.0641	0.91748	2.0275	638.24	0.17605	0.00010200	0.11450	liquid
23.000	22.850	0.93992	1.0639	214.60	238.91	1.0639	0.91748	2.0264	638.75	0.17501	0.00010208	0.11456	liquid
23.000	22.900	0.94019	1.0636	214.54	238.90	1.0637	0.91748	2.0253	639.26	0.17397	0.00010216	0.11462	liquid
23.000	22.950	0.94046	1.0633	214.48	238.88	1.0634	0.91747	2.0243	639.77	0.17294	0.00010224	0.11468	liquid
23.000	23.000	0.94073	1.0630	214.41	238.86	1.0632	0.91747	2.0232	640.28	0.17191	0.00010231	0.11474	liquid
23.000	23.050	0.94100	1.0627	214.35	238.84	1.0630	0.91747	2.0221	640.78	0.17089	0.00010239	0.11480	liquid
23.000	23.100	0.94127	1.0624	214.28	238.83	1.0627	0.91747	2.0211	641.29	0.16987	0.00010247	0.11486	liquid
23.000	23.150	0.94154	1.0621	214.22	238.81	1.0625	0.91746	2.0200	641.79	0.16885	0.00010255	0.11492	liquid
23.000	23.200	0.94180	1.0618	214.16	238.79	1.0622	0.91746	2.0190	642.30	0.16784	0.00010262	0.11498	liquid
23.000	23.250	0.94207	1.0615	214.10	238.77	1.0620	0.91746	2.0180	642.80	0.16683	0.00010270	0.11504	liquid
23.000	23.300	0.94234	1.0612	214.03	238.76	1.0618	0.91746	2.0169	643.30	0.16583	0.00010278	0.11510	liquid
23.000	23.350	0.94260	1.0609	213.97	238.74	1.0615	0.91745	2.0159	643.80	0.16483	0.00010285	0.11516	liquid
23.000	23.400	0.94287	1.0606	213.91	238.72	1.0613	0.91745	2.0149	644.30	0.16383	0.00010293	0.11522	liquid
23.000	23.450	0.94313	1.0603	213.84	238.71	1.0611	0.91745	2.0138	644.80	0.16284	0.00010301	0.11528	liquid
23.000	23.500	0.94339	1.0600	213.78	238.69	1.0608	0.91745	2.0128	645.30	0.16185	0.00010308	0.11534	liquid
23.000	23.550	0.94366	1.0597	213.72	238.68	1.0606	0.91745	2.0118	645.80	0.16087	0.00010316	0.11540	liquid
23.000	23.600	0.94392	1.0594	213.66	238.66	1.0604	0.91745	2.0108	646.30	0.15988	0.00010324	0.11546	liquid
23.000	23.650	0.94418	1.0591	213.60	238.64	1.0601	0.91745	2.0098	646.79	0.15891	0.00010331	0.11552	liquid
23.000	23.700	0.94444	1.0588	213.53	238.63	1.0599	0.91745	2.0088	647.29	0.15793	0.00010339	0.11558	liquid
23.000	23.750	0.94471	1.0585	213.47	238.61	1.0597	0.91745	2.0078	647.78	0.15696	0.00010346	0.11564	liquid
23.000	23.800	0.94497	1.0582	213.41	238.60	1.0594	0.91745	2.0068	648.27	0.15600	0.00010354	0.11570	liquid
23.000	23.850	0.94523	1.0579	213.35	238.58	1.0592	0.91745	2.0058	648.77	0.15503	0.00010362	0.11576	liquid
23.000	23.900	0.94549	1.0577	213.29	238.57	1.0590	0.91745	2.0048	649.26	0.15407	0.00010369	0.11582	liquid
23.000	23.950	0.94574	1.0574	213.23	238.55	1.0587	0.91745	2.0039	649.75	0.15312	0.00010377	0.11588	liquid
23.000	24.000	0.94600	1.0571	213.16	238.53	1.0585	0.91745	2.0029	650.24	0.15216	0.00010384	0.11594	liquid
23.000	24.050	0.94626	1.0568	213.10	238.52	1.0583	0.91745	2.0019	650.73	0.15122	0.00010392	0.11600	liquid
23.000	24.100	0.94652	1.0565	213.04	238.50	1.0580	0.91745	2.0009	651.22	0.15027	0.00010400	0.11606	liquid
23.000	24.150	0.94677	1.0562	212.98	238.49	1.0578	0.91745	2.0000	651.71	0.14933	0.00010407	0.11612	liquid
23.000	24.200	0.94703	1.0559	212.92	238.47	1.0576	0.91745	1.9990	652.20	0.14839	0.00010415	0.11617	liquid
23.000	24.250	0.94729	1.0556	212.86	238.46	1.0574	0.91745	1.9981	652.68	0.14745	0.00010422	0.11623	liquid
23.000	24.300	0.94754	1.0554	212.80	238.44	1.0571	0.91745	1.9971	653.17	0.14652	0.00010430	0.11629	liquid
23.000	24.350	0.94780	1.0551	212.74	238.43	1.0569	0.91745	1.9962	653.65	0.14560	0.00010437	0.11635	liquid
23.000	24.400	0.94805	1.0548	212.68	238.42	1.0567	0.91745	1.9952	654.14	0.14467	0.00010445	0.11641	liquid
23.000	24.450	0.94831	1.0545	212.62	238.40	1.0565	0.91746	1.9943	654.62	0.14375	0.00010452	0.11647	liquid
23.000	24.500	0.94856	1.0542	212.56	238.39	1.0562	0.91746	1.9933	655.10	0.14283	0.00010460	0.11653	liquid
23.000	24.550	0.94881	1.0539	212.50	238.37	1.0560	0.91746	1.9924	655.59	0.14192	0.00010467	0.11658	liquid
23.000	24.600	0.94906	1.0537	212.44	238.36	1.0558	0.91746	1.9915	656.07	0.14101	0.00010475	0.11664	liquid
23.000	24.650	0.94932	1.0534	212.38	238.34	1.0556	0.91746	1.9906	656.55	0.14010	0.00010482	0.11670	liquid
23.000	24.700	0.94957	1.0531	212.32	238.33	1.0553	0.91747	1.9896	657.03	0.13919	0.00010490	0.11676	liquid
23.000	24.750	0.94982	1.0528	212.26	238.32	1.0551	0.91747	1.9887	657.51	0.13829	0.00010497	0.11682	liquid
23.000	24.800	0.95007	1.0526	212.20	238.30	1.0549	0.91747	1.9878	657.98	0.13739	0.00010505	0.11687	liquid
23.000	24.850	0.95032	1.0523	212.14	238.29	1.0547	0.91747	1.9869	658.46	0.13650	0.00010512	0.11693	liquid
23.000	24.900	0.95057	1.0520	212.08	238.28	1.0544	0.91748	1.9860	658.94	0.13561	0.00010520	0.11699	liquid
23.000	24.950	0.95082	1.0517	212.02	238.26	1.0542	0.91748	1.9851	659.41	0.13472	0.00010527	0.11705	liquid
23.000	25.000	0.95107	1.0515	211.96	238.25	1.0540	0.91748	1.9842	659.89	0.13383	0.00010534	0.11710	liquid
23.000	25.050	0.95131	1.0512	211.90	238.24	1.0538	0.91749	1.9833	660.36	0.13295	0.00010542	0.11716	liquid
23.000	25.100	0.95156	1.0509	211.85	238.22	1.0535	0.91749	1.9824	660.84	0.13207	0.00010549	0.11722	liquid
23.000	25.150	0.95181	1.0506	211.79	238.21	1.0533	0.91749	1.9815	661.31	0.13119	0.00010557	0.11728	liquid
23.000	25.200	0.95206	1.0504	211.73	238.20	1.0531	0.91750	1.9806	661.78	0.13032	0.00010564	0.11733	liquid
23.000	25.250	0.95230	1.0501	211.67	238.18	1.0529	0.91750	1.9797	662.25	0.12945	0.00010572	0.11739	liquid
23.000	25.300	0.95255	1.0498	211.61	238.17	1.0527	0.91750	1.9788	662.73	0.12858	0.00010579	0.11745	liquid
23.000	25.350	0.95279	1.0495	211.55	238.16	1.0524	0.91751	1.9780	663.20	0.12772	0.00010586	0.11751	liquid
23.000	25.400	0.95304	1.0493	211.49	238.15	1.0522	0.91751	1.9771	663.67	0.12686	0.00010594	0.11756	liquid
23.000	25.450	0.95328	1.0490	211.44	238.13	1.0520	0.91751	1.9762	664.13	0.12600	0.00010601	0.11762	liquid
23.000	25.500	0.95353	1.0487	211.38	238.12	1.0518	0.91752	1.9754	664.60	0.12515	0.00010608	0.11768	liquid
23.000	25.550	0.95377	1.0485	211.32	238.11	1.0516	0.91752	1.9745	665.07	0.12429	0.00010616	0.11773	liquid
23.000	25.600	0.95401	1.0482	211.26	238.10	1.0513	0.91753	1.9736	665.54	0.12345	0.00010623	0.11779	liquid
23.000	25.650	0.95426	1.0479	211.21	238.08	1.0511	0.91753	1.9728	666.00	0.12260	0.00010630	0.11785	liquid
23.000	25.700	0.95450	1.0477	211.15	238.07	1.0509	0.91754	1.9719	666.47	0.12176	0.00010638	0.11790	liquid
23.000	25.750	0.95474	1.0474	211.09	238.06	1.0507	0.91754	1.9711	666.93	0.12092	0.00010645	0.11796	liquid
23.000	25.800	0.95498	1.0471	211.03	238.05	1.0505	0.91755	1.9702	667.40	0.12008	0.00010652	0.11802	liquid
23.000	25.850	0.95522	1.0469	210.98	238.04	1.0503	0.91755	1.9694	667.86	0.11924	0.00010660	0.11807	liquid
23.000	25.900	0.95546	1.0466	210.92	238.03	1.0500	0.91756	1.9685	668.32	0.11841	0.00010667	0.11813	liquid
23.000	25.950	0.95570	1.0464	210.86	238.01	1.0498	0.91756	1.9677	668.78	0.11758	0.00010674	0.11818	liquid
23.000	26.000	0.95594	1.0461	210.80	238.00	1.0496	0.91757	1.9669	669.25	0.11676	0.00010682	0.11824	liquid
23.000	26.050	0.95618	1.0458	210.75	237.99	1.0494	0.91757	1.9660	669.71	0.11593	0.00010689	0.11830	liquid
23.000	26.100	0.95642	1.0456	210.69	237.98	1.0492	0.91758	1.9652	670.17	0.11511	0.00010696	0.11835	liquid
23.000	26.150	0.95666	1.0453	210.63	237.97	1.0490	0.91758	1.9644	670.63	0.11430	0.00010704	0.11841	liquid
23.000	26.200	0.95689	1.0450	210.58	237.96	1.0488	0.91759	1.9636	671.08	0.11348	0.00010711	0.11846	liquid
23.000	26.250	0.95713	1.0448	210.52	237.95	1.0485	0.91760	1.9628	671.54	0.11267	0.00010718	0.11852	liquid
23.000	26.300	0.95737	1.0445	210.46	237.93	1.0483	0.91760	1.9619	672.00	0.11186	0.00010725	0.11858	liquid
23.000	26.350	0.95761	1.0443	210.41	237.92	1.0481	0.91761	1.9611	672.46	0.11105	0.00010733	0.11863	liquid
23.000	26.400	0.95784	1.0440	210.35	237.91	1.0479	0.91761	1.9603	672.91	0.11025	0.00010740	0.11869	liquid
23.000	26.450	0.95808	1.0438	210.30	237.90	1.0477	0.91762	1.9595	673.37	0.10945	0.00010747	0.11874	liquid
23.000	26.500	0.95831	1.0435	210.24	237.89	1.0475	0.91763	1.9587	673.82	0.10865	0.00010754	0.11880	liquid
23.000	26.550	0.95855	1.0432	210.18	237.88	1.0473	0.91763	1.9579	674.28	0.10785	0.00010762	0.11885	liquid
23.000	26.600	0.95878	1.0430	210.13	237.87	1.0470	0.91764	1.9571	674.73	0.10706	0.00010769	0.11891	liquid
23.000	26.650	0.95902	1.0427	210.07	237.86	1.0468	0.91765	1.9563	675.18	0.10627	0.00010776	0.11896	liquid
23.000	26.700	0.95925	1.0425	210.02	237.85	1.0466	0.91765	1.9555	675.63	0.10548	0.00010783	0.11902	liquid
23.000	26.750	0.95948	1.0422	209.96	237.84	1.0464	0.91766	1.9547	676.09	0.10469	0.00010790	0.11907	liquid
23.000	26.800	0.95972	1.0420	209.90	237.83	1.0462	0.91767	1.9539	676.54	0.10391	0.00010798	0.11913	liquid
23.000	26.850	0.95995	1.0417	209.85	237.82	1.0460	0.91767	1.9532	676.99	0.10313	0.00010805	0.11919	liquid
23.000	26.900	0.96018	1.0415	209.79	237.81	1.0458	0.91768	1.9524	677.44	0.10235	0.00010812	0.11924	liquid
23.000	26.950	0.96041	1.0412	209.74	237.80	1.0456	0.91769	1.9516	677.89	0.10158	0.00010819	0.11929	liquid
23.000	27.000	0.96064	1.0410	209.68	237.79	1.0454	0.91769	1.9508	678.33	0.10080	0.00010826	0.11935	liquid
23.000	27.050	0.96087	1.0407	209.63	237.78	1.0452	0.91770	1.9500	678.78	0.10003	0.00010834	0.11940	liquid
23.000	27.100	0.96110	1.0405	209.57	237.77	1.0450	0.91771	1.9493	679.23	0.099265	0.00010841	0.11946	liquid
23.000	27.150	0.96133	1.0402	209.52	237.76	1.0447	0.91772	1.9485	679.68	0.098500	0.00010848	0.11951	liquid
23.000	27.200	0.96156	1.0400	209.46	237.75	1.0445	0.91772	1.9477	680.12	0.097737	0.00010855	0.11957	liquid
23.000	27.250	0.96179	1.0397	209.41	237.74	1.0443	0.91773	1.9470	680.57	0.096976	0.00010862	0.11962	liquid
23.000	27.300	0.96202	1.0395	209.35	237.73	1.0441	0.91774	1.9462	681.01	0.096218	0.00010869	0.11968	liquid
23.000	27.350	0.96225	1.0392	209.30	237.72	1.0439	0.91775	1.9455	681.46	0.095463	0.00010877	0.11973	liquid
23.000	27.400	0.96248	1.0390	209.25	237.71	1.0437	0.91776	1.9447	681.90	0.094709	0.00010884	0.11979	liquid
23.000	27.450	0.96271	1.0387	209.19	237.70	1.0435	0.91776	1.9440	682.34	0.093959	0.00010891	0.11984	liquid
23.000	27.500	0.96293	1.0385	209.14	237.69	1.0433	0.91777	1.9432	682.78	0.093210	0.00010898	0.11989	liquid
23.000	27.550	0.96316	1.0382	209.08	237.69	1.0431	0.91778	1.9425	683.23	0.092464	0.00010905	0.11995	liquid
23.000	27.600	0.96339	1.0380	209.03	237.68	1.0429	0.91779	1.9417	683.67	0.091721	0.00010912	0.12000	liquid
23.000	27.650	0.96361	1.0378	208.97	237.67	1.0427	0.91780	1.9410	684.11	0.090980	0.00010919	0.12006	liquid
23.000	27.700	0.96384	1.0375	208.92	237.66	1.0425	0.91780	1.9402	684.55	0.090241	0.00010926	0.12011	liquid
23.000	27.750	0.96406	1.0373	208.87	237.65	1.0423	0.91781	1.9395	684.99	0.089504	0.00010933	0.12016	liquid
23.000	27.800	0.96429	1.0370	208.81	237.64	1.0421	0.91782	1.9388	685.43	0.088770	0.00010941	0.12022	liquid
23.000	27.850	0.96451	1.0368	208.76	237.63	1.0419	0.91783	1.9380	685.86	0.088038	0.00010948	0.12027	liquid
23.000	27.900	0.96474	1.0366	208.71	237.62	1.0417	0.91784	1.9373	686.30	0.087308	0.00010955	0.12033	liquid
23.000	27.950	0.96496	1.0363	208.65	237.62	1.0415	0.91785	1.9366	686.74	0.086581	0.00010962	0.12038	liquid
23.000	28.000	0.96518	1.0361	208.60	237.61	1.0412	0.91786	1.9359	687.18	0.085856	0.00010969	0.12043	liquid
23.000	28.050	0.96541	1.0358	208.54	237.60	1.0410	0.91787	1.9351	687.61	0.085133	0.00010976	0.12049	liquid
23.000	28.100	0.96563	1.0356	208.49	237.59	1.0408	0.91788	1.9344	688.05	0.084413	0.00010983	0.12054	liquid
23.000	28.150	0.96585	1.0354	208.44	237.58	1.0406	0.91788	1.9337	688.48	0.083694	0.00010990	0.12059	liquid
23.000	28.200	0.96608	1.0351	208.39	237.58	1.0404	0.91789	1.9330	688.92	0.082978	0.00010997	0.12065	liquid
23.000	28.250	0.96630	1.0349	208.33	237.57	1.0402	0.91790	1.9323	689.35	0.082264	0.00011004	0.12070	liquid
23.000	28.300	0.96652	1.0346	208.28	237.56	1.0400	0.91791	1.9316	689.78	0.081553	0.00011011	0.12075	liquid
23.000	28.350	0.96674	1.0344	208.23	237.55	1.0398	0.91792	1.9309	690.21	0.080843	0.00011018	0.12081	liquid
23.000	28.400	0.96696	1.0342	208.17	237.54	1.0396	0.91793	1.9302	690.65	0.080136	0.00011025	0.12086	liquid
23.000	28.450	0.96718	1.0339	208.12	237.54	1.0394	0.91794	1.9295	691.08	0.079431	0.00011032	0.12091	liquid
23.000	28.500	0.96740	1.0337	208.07	237.53	1.0392	0.91795	1.9288	691.51	0.078728	0.00011039	0.12097	liquid
23.000	28.550	0.96762	1.0335	208.02	237.52	1.0390	0.91796	1.9281	691.94	0.078027	0.00011046	0.12102	liquid
23.000	28.600	0.96784	1.0332	207.96	237.51	1.0388	0.91797	1.9274	692.37	0.077328	0.00011053	0.12107	liquid
23.000	28.650	0.96806	1.0330	207.91	237.51	1.0386	0.91798	1.9267	692.80	0.076632	0.00011060	0.12112	liquid
23.000	28.700	0.96828	1.0328	207.86	237.50	1.0384	0.91799	1.9260	693.23	0.075938	0.00011067	0.12118	liquid
23.000	28.750	0.96849	1.0325	207.81	237.49	1.0382	0.91800	1.9253	693.66	0.075245	0.00011074	0.12123	liquid
23.000	28.800	0.96871	1.0323	207.75	237.48	1.0380	0.91801	1.9246	694.08	0.074555	0.00011081	0.12128	liquid
23.000	28.850	0.96893	1.0321	207.70	237.48	1.0378	0.91802	1.9239	694.51	0.073867	0.00011088	0.12134	liquid
23.000	28.900	0.96915	1.0318	207.65	237.47	1.0376	0.91803	1.9233	694.94	0.073181	0.00011095	0.12139	liquid
23.000	28.950	0.96936	1.0316	207.60	237.46	1.0374	0.91804	1.9226	695.36	0.072497	0.00011102	0.12144	liquid
23.000	29.000	0.96958	1.0314	207.55	237.46	1.0372	0.91805	1.9219	695.79	0.071815	0.00011109	0.12149	liquid
23.000	29.050	0.96980	1.0311	207.49	237.45	1.0370	0.91806	1.9212	696.21	0.071135	0.00011116	0.12155	liquid
23.000	29.100	0.97001	1.0309	207.44	237.44	1.0369	0.91807	1.9206	696.64	0.070458	0.00011123	0.12160	liquid
23.000	29.150	0.97023	1.0307	207.39	237.44	1.0367	0.91808	1.9199	697.06	0.069782	0.00011130	0.12165	liquid
23.000	29.200	0.97044	1.0305	207.34	237.43	1.0365	0.91809	1.9192	697.48	0.069108	0.00011137	0.12170	liquid
23.000	29.250	0.97066	1.0302	207.29	237.42	1.0363	0.91810	1.9185	697.91	0.068436	0.00011144	0.12175	liquid
23.000	29.300	0.97087	1.0300	207.24	237.42	1.0361	0.91811	1.9179	698.33	0.067767	0.00011151	0.12181	liquid
23.000	29.350	0.97108	1.0298	207.19	237.41	1.0359	0.91812	1.9172	698.75	0.067099	0.00011158	0.12186	liquid
23.000	29.400	0.97130	1.0295	207.13	237.40	1.0357	0.91814	1.9166	699.17	0.066433	0.00011165	0.12191	liquid
23.000	29.450	0.97151	1.0293	207.08	237.40	1.0355	0.91815	1.9159	699.59	0.065769	0.00011171	0.12196	liquid
23.000	29.500	0.97172	1.0291	207.03	237.39	1.0353	0.91816	1.9153	700.01	0.065108	0.00011178	0.12201	liquid
23.000	29.550	0.97194	1.0289	206.98	237.38	1.0351	0.91817	1.9146	700.43	0.064448	0.00011185	0.12207	liquid
23.000	29.600	0.97215	1.0286	206.93	237.38	1.0349	0.91818	1.9139	700.85	0.063790	0.00011192	0.12212	liquid
23.000	29.650	0.97236	1.0284	206.88	237.37	1.0347	0.91819	1.9133	701.27	0.063134	0.00011199	0.12217	liquid
23.000	29.700	0.97257	1.0282	206.83	237.37	1.0345	0.91820	1.9127	701.69	0.062480	0.00011206	0.12222	liquid
23.000	29.750	0.97278	1.0280	206.78	237.36	1.0343	0.91821	1.9120	702.11	0.061828	0.00011213	0.12227	liquid
23.000	29.800	0.97300	1.0278	206.73	237.35	1.0341	0.91822	1.9114	702.52	0.061177	0.00011220	0.12232	liquid
23.000	29.850	0.97321	1.0275	206.68	237.35	1.0339	0.91824	1.9107	702.94	0.060529	0.00011227	0.12238	liquid
23.000	29.900	0.97342	1.0273	206.63	237.34	1.0337	0.91825	1.9101	703.36	0.059883	0.00011233	0.12243	liquid
23.000	29.950	0.97363	1.0271	206.58	237.34	1.0335	0.91826	1.9094	703.77	0.059238	0.00011240	0.12248	liquid
23.000	30.000	0.97384	1.0269	206.53	237.33	1.0333	0.91827	1.9088	704.19	0.058595	0.00011247	0.12253	liquid