Temperature (C)	Pressure (MPa)	Density (g/ml)	Volume (ml/g)	Internal Energy (kJ/kg)	Enthalpy (kJ/kg)	Entropy (J/g*K)	Cv (J/g*K)	Cp (J/g*K)	Sound Spd. (m/s)	Joule-Thomson (K/MPa)	Viscosity (Pa*s)	Therm. Cond. (W/m*K)	Phase
23.000	0.10000	0.0011379	878.80	219.31	307.19	6.8322	0.74311	1.0413	350.89	2.1804	1.7719e-05	0.025600	vapor
23.000	0.15000	0.0017071	585.80	219.20	307.07	6.7115	0.74324	1.0422	350.96	2.1766	1.7727e-05	0.025616	vapor
23.000	0.20000	0.0022763	439.31	219.10	306.96	6.6258	0.74336	1.0430	351.03	2.1729	1.7735e-05	0.025632	vapor
23.000	0.25000	0.0028457	351.41	218.99	306.85	6.5592	0.74349	1.0438	351.11	2.1691	1.7743e-05	0.025648	vapor
23.000	0.30000	0.0034152	292.81	218.89	306.73	6.5047	0.74362	1.0447	351.18	2.1654	1.7751e-05	0.025664	vapor
23.000	0.35000	0.0039848	250.96	218.79	306.62	6.4586	0.74375	1.0455	351.26	2.1616	1.7759e-05	0.025681	vapor
23.000	0.40000	0.0045545	219.57	218.68	306.51	6.4186	0.74388	1.0463	351.34	2.1578	1.7767e-05	0.025698	vapor
23.000	0.45000	0.0051243	195.15	218.58	306.40	6.3833	0.74400	1.0472	351.41	2.1541	1.7775e-05	0.025714	vapor
23.000	0.50000	0.0056942	175.62	218.47	306.28	6.3517	0.74413	1.0480	351.49	2.1503	1.7783e-05	0.025732	vapor
23.000	0.55000	0.0062642	159.64	218.37	306.17	6.3231	0.74426	1.0488	351.57	2.1465	1.7791e-05	0.025749	vapor
23.000	0.60000	0.0068343	146.32	218.27	306.06	6.2969	0.74439	1.0497	351.65	2.1427	1.7799e-05	0.025767	vapor
23.000	0.65000	0.0074045	135.05	218.16	305.94	6.2728	0.74451	1.0505	351.73	2.1389	1.7807e-05	0.025784	vapor
23.000	0.70000	0.0079749	125.39	218.06	305.83	6.2504	0.74464	1.0513	351.81	2.1352	1.7815e-05	0.025802	vapor
23.000	0.75000	0.0085453	117.02	217.95	305.72	6.2296	0.74477	1.0522	351.89	2.1314	1.7824e-05	0.025821	vapor
23.000	0.80000	0.0091158	109.70	217.85	305.61	6.2101	0.74489	1.0530	351.97	2.1276	1.7832e-05	0.025839	vapor
23.000	0.85000	0.0096864	103.24	217.74	305.50	6.1918	0.74502	1.0539	352.05	2.1238	1.7840e-05	0.025858	vapor
23.000	0.90000	0.010257	97.494	217.64	305.38	6.1745	0.74514	1.0547	352.14	2.1200	1.7848e-05	0.025876	vapor
23.000	0.95000	0.010828	92.355	217.54	305.27	6.1581	0.74527	1.0555	352.22	2.1162	1.7856e-05	0.025895	vapor
23.000	1.0000	0.011399	87.730	217.43	305.16	6.1425	0.74540	1.0564	352.30	2.1124	1.7865e-05	0.025915	vapor
23.000	1.0500	0.011970	83.545	217.33	305.05	6.1277	0.74552	1.0572	352.39	2.1086	1.7873e-05	0.025934	vapor
23.000	1.1000	0.012541	79.741	217.22	304.94	6.1135	0.74565	1.0580	352.47	2.1048	1.7881e-05	0.025953	vapor
23.000	1.1500	0.013112	76.268	217.12	304.83	6.1000	0.74577	1.0589	352.56	2.1010	1.7890e-05	0.025973	vapor
23.000	1.2000	0.013683	73.084	217.02	304.72	6.0870	0.74590	1.0597	352.65	2.0972	1.7898e-05	0.025993	vapor
23.000	1.2500	0.014254	70.155	216.91	304.60	6.0745	0.74602	1.0606	352.73	2.0933	1.7906e-05	0.026013	vapor
23.000	1.3000	0.014825	67.451	216.81	304.49	6.0625	0.74615	1.0614	352.82	2.0895	1.7915e-05	0.026033	vapor
23.000	1.3500	0.015397	64.948	216.70	304.38	6.0510	0.74627	1.0622	352.91	2.0857	1.7923e-05	0.026054	vapor
23.000	1.4000	0.015968	62.624	216.60	304.27	6.0398	0.74640	1.0631	353.00	2.0819	1.7932e-05	0.026074	vapor
23.000	1.4500	0.016540	60.460	216.49	304.16	6.0291	0.74652	1.0639	353.09	2.0781	1.7940e-05	0.026095	vapor
23.000	1.5000	0.017111	58.440	216.39	304.05	6.0187	0.74665	1.0647	353.18	2.0742	1.7949e-05	0.026116	vapor
23.000	1.5500	0.017683	56.551	216.29	303.94	6.0086	0.74677	1.0656	353.27	2.0704	1.7957e-05	0.026137	vapor
23.000	1.6000	0.018255	54.780	216.18	303.83	5.9988	0.74690	1.0664	353.36	2.0666	1.7966e-05	0.026158	vapor
23.000	1.6500	0.018827	53.116	216.08	303.72	5.9893	0.74702	1.0673	353.45	2.0627	1.7974e-05	0.026179	vapor
23.000	1.7000	0.019398	51.550	215.97	303.61	5.9801	0.74714	1.0681	353.54	2.0589	1.7983e-05	0.026201	vapor
23.000	1.7500	0.019970	50.074	215.87	303.50	5.9712	0.74727	1.0689	353.64	2.0550	1.7992e-05	0.026223	vapor
23.000	1.8000	0.020542	48.680	215.77	303.39	5.9625	0.74739	1.0698	353.73	2.0512	1.8000e-05	0.026244	vapor
23.000	1.8500	0.021114	47.361	215.66	303.28	5.9540	0.74751	1.0706	353.82	2.0473	1.8009e-05	0.026266	vapor
23.000	1.9000	0.021686	46.112	215.56	303.17	5.9457	0.74764	1.0715	353.92	2.0435	1.8018e-05	0.026289	vapor
23.000	1.9500	0.022258	44.927	215.46	303.06	5.9377	0.74776	1.0723	354.01	2.0396	1.8026e-05	0.026311	vapor
23.000	2.0000	0.022831	43.801	215.35	302.95	5.9298	0.74788	1.0731	354.11	2.0358	1.8035e-05	0.026333	vapor
23.000	2.0500	0.023403	42.730	215.25	302.84	5.9222	0.74801	1.0740	354.21	2.0319	1.8044e-05	0.026356	vapor
23.000	2.1000	0.023975	41.710	215.14	302.73	5.9147	0.74813	1.0748	354.30	2.0281	1.8053e-05	0.026379	vapor
23.000	2.1500	0.024547	40.738	215.04	302.63	5.9073	0.74825	1.0757	354.40	2.0242	1.8062e-05	0.026402	vapor
23.000	2.2000	0.025120	39.810	214.94	302.52	5.9002	0.74837	1.0765	354.50	2.0203	1.8071e-05	0.026425	vapor
23.000	2.2500	0.025692	38.923	214.83	302.41	5.8932	0.74850	1.0773	354.60	2.0165	1.8079e-05	0.026448	vapor
23.000	2.3000	0.026264	38.075	214.73	302.30	5.8863	0.74862	1.0782	354.70	2.0126	1.8088e-05	0.026471	vapor
23.000	2.3500	0.026837	37.262	214.62	302.19	5.8796	0.74874	1.0790	354.80	2.0087	1.8097e-05	0.026495	vapor
23.000	2.4000	0.027409	36.484	214.52	302.08	5.8730	0.74886	1.0798	354.90	2.0049	1.8106e-05	0.026518	vapor
23.000	2.4500	0.027982	35.738	214.42	301.97	5.8665	0.74898	1.0807	355.00	2.0010	1.8115e-05	0.026542	vapor
23.000	2.5000	0.028554	35.021	214.31	301.87	5.8602	0.74910	1.0815	355.10	1.9971	1.8124e-05	0.026566	vapor
23.000	2.5500	0.029126	34.333	214.21	301.76	5.8540	0.74923	1.0824	355.20	1.9932	1.8133e-05	0.026590	vapor
23.000	2.6000	0.029699	33.671	214.11	301.65	5.8479	0.74935	1.0832	355.31	1.9893	1.8142e-05	0.026614	vapor
23.000	2.6500	0.030272	33.034	214.00	301.54	5.8419	0.74947	1.0840	355.41	1.9855	1.8151e-05	0.026638	vapor
23.000	2.7000	0.030844	32.421	213.90	301.44	5.8360	0.74959	1.0849	355.51	1.9816	1.8161e-05	0.026662	vapor
23.000	2.7500	0.031417	31.830	213.79	301.33	5.8302	0.74971	1.0857	355.62	1.9777	1.8170e-05	0.026687	vapor
23.000	2.8000	0.031989	31.261	213.69	301.22	5.8245	0.74983	1.0865	355.72	1.9738	1.8179e-05	0.026711	vapor
23.000	2.8500	0.032562	30.711	213.59	301.11	5.8189	0.74995	1.0874	355.83	1.9699	1.8188e-05	0.026736	vapor
23.000	2.9000	0.033134	30.180	213.48	301.01	5.8134	0.75007	1.0882	355.94	1.9660	1.8197e-05	0.026761	vapor
23.000	2.9500	0.033707	29.667	213.38	300.90	5.8080	0.75019	1.0891	356.04	1.9621	1.8206e-05	0.026786	vapor
23.000	3.0000	0.034280	29.172	213.28	300.79	5.8027	0.75031	1.0899	356.15	1.9582	1.8216e-05	0.026811	vapor
23.000	3.0500	0.034852	28.693	213.17	300.69	5.7974	0.75043	1.0907	356.26	1.9543	1.8225e-05	0.026836	vapor
23.000	3.1000	0.035425	28.229	213.07	300.58	5.7923	0.75055	1.0916	356.37	1.9504	1.8234e-05	0.026861	vapor
23.000	3.1500	0.035997	27.780	212.97	300.47	5.7872	0.75067	1.0924	356.48	1.9465	1.8244e-05	0.026887	vapor
23.000	3.2000	0.036570	27.345	212.86	300.37	5.7822	0.75079	1.0932	356.59	1.9426	1.8253e-05	0.026912	vapor
23.000	3.2500	0.037142	26.923	212.76	300.26	5.7772	0.75091	1.0941	356.70	1.9387	1.8262e-05	0.026938	vapor
23.000	3.3000	0.037715	26.515	212.66	300.16	5.7723	0.75102	1.0949	356.81	1.9348	1.8272e-05	0.026964	vapor
23.000	3.3500	0.038288	26.118	212.55	300.05	5.7675	0.75114	1.0957	356.92	1.9309	1.8281e-05	0.026989	vapor
23.000	3.4000	0.038860	25.733	212.45	299.94	5.7628	0.75126	1.0966	357.03	1.9269	1.8291e-05	0.027015	vapor
23.000	3.4500	0.039433	25.360	212.35	299.84	5.7581	0.75138	1.0974	357.15	1.9230	1.8300e-05	0.027041	supercritical
23.000	3.5000	0.040005	24.997	212.24	299.73	5.7535	0.75150	1.0982	357.26	1.9191	1.8310e-05	0.027068	supercritical
23.000	3.5500	0.040578	24.644	212.14	299.63	5.7490	0.75162	1.0991	357.38	1.9152	1.8319e-05	0.027094	supercritical
23.000	3.6000	0.041150	24.301	212.04	299.52	5.7445	0.75173	1.0999	357.49	1.9113	1.8329e-05	0.027120	supercritical
23.000	3.6500	0.041722	23.968	211.93	299.42	5.7401	0.75185	1.1007	357.61	1.9073	1.8339e-05	0.027147	supercritical
23.000	3.7000	0.042295	23.644	211.83	299.31	5.7357	0.75197	1.1016	357.72	1.9034	1.8348e-05	0.027173	supercritical
23.000	3.7500	0.042867	23.328	211.73	299.21	5.7314	0.75209	1.1024	357.84	1.8995	1.8358e-05	0.027200	supercritical
23.000	3.8000	0.043440	23.021	211.62	299.10	5.7271	0.75220	1.1032	357.96	1.8956	1.8368e-05	0.027227	supercritical
23.000	3.8500	0.044012	22.721	211.52	299.00	5.7229	0.75232	1.1041	358.08	1.8916	1.8377e-05	0.027253	supercritical
23.000	3.9000	0.044584	22.430	211.42	298.89	5.7187	0.75244	1.1049	358.19	1.8877	1.8387e-05	0.027280	supercritical
23.000	3.9500	0.045156	22.145	211.32	298.79	5.7146	0.75255	1.1057	358.31	1.8838	1.8397e-05	0.027307	supercritical
23.000	4.0000	0.045729	21.868	211.21	298.69	5.7106	0.75267	1.1066	358.43	1.8799	1.8407e-05	0.027334	supercritical
23.000	4.0500	0.046301	21.598	211.11	298.58	5.7065	0.75279	1.1074	358.55	1.8759	1.8416e-05	0.027362	supercritical
23.000	4.1000	0.046873	21.334	211.01	298.48	5.7026	0.75290	1.1082	358.67	1.8720	1.8426e-05	0.027389	supercritical
23.000	4.1500	0.047445	21.077	210.90	298.37	5.6986	0.75302	1.1090	358.80	1.8681	1.8436e-05	0.027416	supercritical
23.000	4.2000	0.048017	20.826	210.80	298.27	5.6947	0.75314	1.1099	358.92	1.8641	1.8446e-05	0.027444	supercritical
23.000	4.2500	0.048589	20.581	210.70	298.17	5.6909	0.75325	1.1107	359.04	1.8602	1.8456e-05	0.027471	supercritical
23.000	4.3000	0.049161	20.341	210.60	298.06	5.6871	0.75337	1.1115	359.16	1.8562	1.8466e-05	0.027499	supercritical
23.000	4.3500	0.049733	20.108	210.49	297.96	5.6833	0.75348	1.1124	359.29	1.8523	1.8476e-05	0.027526	supercritical
23.000	4.4000	0.050304	19.879	210.39	297.86	5.6796	0.75360	1.1132	359.41	1.8484	1.8486e-05	0.027554	supercritical
23.000	4.4500	0.050876	19.656	210.29	297.76	5.6759	0.75371	1.1140	359.54	1.8444	1.8496e-05	0.027582	supercritical
23.000	4.5000	0.051448	19.437	210.19	297.65	5.6723	0.75383	1.1148	359.66	1.8405	1.8506e-05	0.027610	supercritical
23.000	4.5500	0.052019	19.224	210.08	297.55	5.6687	0.75394	1.1157	359.79	1.8365	1.8516e-05	0.027638	supercritical
23.000	4.6000	0.052591	19.015	209.98	297.45	5.6651	0.75406	1.1165	359.92	1.8326	1.8526e-05	0.027666	supercritical
23.000	4.6500	0.053162	18.810	209.88	297.35	5.6616	0.75417	1.1173	360.04	1.8286	1.8536e-05	0.027694	supercritical
23.000	4.7000	0.053734	18.610	209.77	297.24	5.6581	0.75429	1.1181	360.17	1.8247	1.8547e-05	0.027722	supercritical
23.000	4.7500	0.054305	18.415	209.67	297.14	5.6546	0.75440	1.1189	360.30	1.8208	1.8557e-05	0.027751	supercritical
23.000	4.8000	0.054876	18.223	209.57	297.04	5.6511	0.75451	1.1198	360.43	1.8168	1.8567e-05	0.027779	supercritical
23.000	4.8500	0.055447	18.035	209.47	296.94	5.6477	0.75463	1.1206	360.56	1.8129	1.8577e-05	0.027808	supercritical
23.000	4.9000	0.056018	17.851	209.37	296.84	5.6444	0.75474	1.1214	360.69	1.8089	1.8587e-05	0.027836	supercritical
23.000	4.9500	0.056589	17.671	209.26	296.74	5.6410	0.75486	1.1222	360.82	1.8050	1.8598e-05	0.027865	supercritical
23.000	5.0000	0.057160	17.495	209.16	296.63	5.6377	0.75497	1.1231	360.95	1.8010	1.8608e-05	0.027893	supercritical
23.000	5.0500	0.057731	17.322	209.06	296.53	5.6344	0.75508	1.1239	361.09	1.7971	1.8619e-05	0.027922	supercritical
23.000	5.1000	0.058302	17.152	208.96	296.43	5.6312	0.75519	1.1247	361.22	1.7931	1.8629e-05	0.027951	supercritical
23.000	5.1500	0.058873	16.986	208.85	296.33	5.6280	0.75531	1.1255	361.35	1.7891	1.8639e-05	0.027980	supercritical
23.000	5.2000	0.059443	16.823	208.75	296.23	5.6248	0.75542	1.1263	361.49	1.7852	1.8650e-05	0.028009	supercritical
23.000	5.2500	0.060014	16.663	208.65	296.13	5.6216	0.75553	1.1271	361.62	1.7812	1.8660e-05	0.028037	supercritical
23.000	5.3000	0.060584	16.506	208.55	296.03	5.6185	0.75565	1.1280	361.76	1.7773	1.8671e-05	0.028067	supercritical
23.000	5.3500	0.061154	16.352	208.45	295.93	5.6154	0.75576	1.1288	361.89	1.7733	1.8681e-05	0.028096	supercritical
23.000	5.4000	0.061724	16.201	208.34	295.83	5.6123	0.75587	1.1296	362.03	1.7694	1.8692e-05	0.028125	supercritical
23.000	5.4500	0.062294	16.053	208.24	295.73	5.6092	0.75598	1.1304	362.17	1.7654	1.8702e-05	0.028154	supercritical
23.000	5.5000	0.062864	15.907	208.14	295.63	5.6062	0.75609	1.1312	362.30	1.7615	1.8713e-05	0.028183	supercritical
23.000	5.5500	0.063434	15.764	208.04	295.53	5.6032	0.75620	1.1320	362.44	1.7575	1.8724e-05	0.028213	supercritical
23.000	5.6000	0.064004	15.624	207.94	295.43	5.6002	0.75632	1.1328	362.58	1.7536	1.8734e-05	0.028242	supercritical
23.000	5.6500	0.064574	15.486	207.83	295.33	5.5972	0.75643	1.1337	362.72	1.7496	1.8745e-05	0.028271	supercritical
23.000	5.7000	0.065143	15.351	207.73	295.23	5.5943	0.75654	1.1345	362.86	1.7457	1.8756e-05	0.028301	supercritical
23.000	5.7500	0.065712	15.218	207.63	295.13	5.5914	0.75665	1.1353	363.00	1.7417	1.8767e-05	0.028330	supercritical
23.000	5.8000	0.066282	15.087	207.53	295.04	5.5885	0.75676	1.1361	363.14	1.7377	1.8777e-05	0.028360	supercritical
23.000	5.8500	0.066851	14.959	207.43	294.94	5.5856	0.75687	1.1369	363.28	1.7338	1.8788e-05	0.028390	supercritical
23.000	5.9000	0.067420	14.832	207.33	294.84	5.5828	0.75698	1.1377	363.43	1.7298	1.8799e-05	0.028419	supercritical
23.000	5.9500	0.067989	14.708	207.23	294.74	5.5799	0.75709	1.1385	363.57	1.7259	1.8810e-05	0.028449	supercritical
23.000	6.0000	0.068558	14.586	207.12	294.64	5.5771	0.75720	1.1393	363.71	1.7219	1.8821e-05	0.028479	supercritical
23.000	6.0500	0.069126	14.466	207.02	294.54	5.5743	0.75731	1.1401	363.86	1.7180	1.8832e-05	0.028509	supercritical
23.000	6.1000	0.069695	14.348	206.92	294.45	5.5716	0.75742	1.1409	364.00	1.7140	1.8843e-05	0.028539	supercritical
23.000	6.1500	0.070263	14.232	206.82	294.35	5.5688	0.75753	1.1417	364.15	1.7101	1.8854e-05	0.028569	supercritical
23.000	6.2000	0.070831	14.118	206.72	294.25	5.5661	0.75764	1.1425	364.29	1.7061	1.8865e-05	0.028599	supercritical
23.000	6.2500	0.071399	14.006	206.62	294.15	5.5634	0.75775	1.1433	364.44	1.7022	1.8876e-05	0.028629	supercritical
23.000	6.3000	0.071967	13.895	206.52	294.06	5.5607	0.75786	1.1441	364.59	1.6982	1.8887e-05	0.028659	supercritical
23.000	6.3500	0.072535	13.786	206.41	293.96	5.5581	0.75797	1.1449	364.74	1.6942	1.8898e-05	0.028689	supercritical
23.000	6.4000	0.073103	13.679	206.31	293.86	5.5554	0.75807	1.1457	364.88	1.6903	1.8909e-05	0.028719	supercritical
23.000	6.4500	0.073670	13.574	206.21	293.76	5.5528	0.75818	1.1465	365.03	1.6863	1.8920e-05	0.028749	supercritical
23.000	6.5000	0.074238	13.470	206.11	293.67	5.5502	0.75829	1.1473	365.18	1.6824	1.8931e-05	0.028779	supercritical
23.000	6.5500	0.074805	13.368	206.01	293.57	5.5476	0.75840	1.1481	365.33	1.6784	1.8942e-05	0.028810	supercritical
23.000	6.6000	0.075372	13.268	205.91	293.48	5.5450	0.75851	1.1489	365.48	1.6745	1.8954e-05	0.028840	supercritical
23.000	6.6500	0.075939	13.169	205.81	293.38	5.5425	0.75862	1.1497	365.63	1.6705	1.8965e-05	0.028870	supercritical
23.000	6.7000	0.076505	13.071	205.71	293.28	5.5399	0.75872	1.1505	365.79	1.6666	1.8976e-05	0.028901	supercritical
23.000	6.7500	0.077072	12.975	205.61	293.19	5.5374	0.75883	1.1513	365.94	1.6626	1.8987e-05	0.028931	supercritical
23.000	6.8000	0.077638	12.880	205.51	293.09	5.5349	0.75894	1.1521	366.09	1.6587	1.8999e-05	0.028962	supercritical
23.000	6.8500	0.078205	12.787	205.41	293.00	5.5324	0.75905	1.1529	366.25	1.6548	1.9010e-05	0.028992	supercritical
23.000	6.9000	0.078771	12.695	205.31	292.90	5.5299	0.75915	1.1537	366.40	1.6508	1.9022e-05	0.029023	supercritical
23.000	6.9500	0.079337	12.605	205.20	292.81	5.5275	0.75926	1.1545	366.55	1.6469	1.9033e-05	0.029054	supercritical
23.000	7.0000	0.079902	12.515	205.10	292.71	5.5250	0.75937	1.1552	366.71	1.6429	1.9044e-05	0.029084	supercritical
23.000	7.0500	0.080468	12.427	205.00	292.62	5.5226	0.75947	1.1560	366.87	1.6390	1.9056e-05	0.029115	supercritical
23.000	7.1000	0.081033	12.341	204.90	292.52	5.5202	0.75958	1.1568	367.02	1.6350	1.9067e-05	0.029146	supercritical
23.000	7.1500	0.081599	12.255	204.80	292.43	5.5178	0.75969	1.1576	367.18	1.6311	1.9079e-05	0.029176	supercritical
23.000	7.2000	0.082164	12.171	204.70	292.33	5.5154	0.75979	1.1584	367.34	1.6272	1.9091e-05	0.029207	supercritical
23.000	7.2500	0.082728	12.088	204.60	292.24	5.5131	0.75990	1.1592	367.50	1.6232	1.9102e-05	0.029238	supercritical
23.000	7.3000	0.083293	12.006	204.50	292.14	5.5107	0.76000	1.1599	367.65	1.6193	1.9114e-05	0.029269	supercritical
23.000	7.3500	0.083858	11.925	204.40	292.05	5.5084	0.76011	1.1607	367.81	1.6153	1.9125e-05	0.029300	supercritical
23.000	7.4000	0.084422	11.845	204.30	291.96	5.5061	0.76021	1.1615	367.97	1.6114	1.9137e-05	0.029331	supercritical
23.000	7.4500	0.084986	11.767	204.20	291.86	5.5037	0.76032	1.1623	368.13	1.6075	1.9149e-05	0.029362	supercritical
23.000	7.5000	0.085550	11.689	204.10	291.77	5.5014	0.76042	1.1631	368.30	1.6035	1.9161e-05	0.029393	supercritical
23.000	7.5500	0.086114	11.613	204.00	291.68	5.4992	0.76053	1.1638	368.46	1.5996	1.9172e-05	0.029424	supercritical
23.000	7.6000	0.086677	11.537	203.90	291.58	5.4969	0.76063	1.1646	368.62	1.5957	1.9184e-05	0.029455	supercritical
23.000	7.6500	0.087240	11.463	203.80	291.49	5.4946	0.76074	1.1654	368.78	1.5917	1.9196e-05	0.029486	supercritical
23.000	7.7000	0.087803	11.389	203.70	291.40	5.4924	0.76084	1.1662	368.95	1.5878	1.9208e-05	0.029517	supercritical
23.000	7.7500	0.088366	11.317	203.60	291.31	5.4902	0.76095	1.1669	369.11	1.5839	1.9220e-05	0.029548	supercritical
23.000	7.8000	0.088929	11.245	203.50	291.21	5.4880	0.76105	1.1677	369.28	1.5800	1.9232e-05	0.029579	supercritical
23.000	7.8500	0.089491	11.174	203.40	291.12	5.4858	0.76116	1.1685	369.44	1.5760	1.9244e-05	0.029610	supercritical
23.000	7.9000	0.090054	11.104	203.30	291.03	5.4836	0.76126	1.1692	369.61	1.5721	1.9255e-05	0.029642	supercritical
23.000	7.9500	0.090616	11.036	203.21	290.94	5.4814	0.76136	1.1700	369.77	1.5682	1.9267e-05	0.029673	supercritical
23.000	8.0000	0.091178	10.968	203.11	290.85	5.4792	0.76147	1.1708	369.94	1.5643	1.9279e-05	0.029704	supercritical
23.000	8.0500	0.091739	10.900	203.01	290.75	5.4771	0.76157	1.1715	370.11	1.5604	1.9292e-05	0.029735	supercritical
23.000	8.1000	0.092301	10.834	202.91	290.66	5.4749	0.76167	1.1723	370.28	1.5565	1.9304e-05	0.029767	supercritical
23.000	8.1500	0.092862	10.769	202.81	290.57	5.4728	0.76178	1.1731	370.44	1.5525	1.9316e-05	0.029798	supercritical
23.000	8.2000	0.093423	10.704	202.71	290.48	5.4707	0.76188	1.1738	370.61	1.5486	1.9328e-05	0.029829	supercritical
23.000	8.2500	0.093984	10.640	202.61	290.39	5.4686	0.76198	1.1746	370.78	1.5447	1.9340e-05	0.029861	supercritical
23.000	8.3000	0.094544	10.577	202.51	290.30	5.4665	0.76208	1.1754	370.95	1.5408	1.9352e-05	0.029892	supercritical
23.000	8.3500	0.095104	10.515	202.41	290.21	5.4644	0.76219	1.1761	371.12	1.5369	1.9364e-05	0.029924	supercritical
23.000	8.4000	0.095664	10.453	202.31	290.12	5.4623	0.76229	1.1769	371.30	1.5330	1.9377e-05	0.029955	supercritical
23.000	8.4500	0.096224	10.392	202.21	290.03	5.4602	0.76239	1.1776	371.47	1.5291	1.9389e-05	0.029987	supercritical
23.000	8.5000	0.096784	10.332	202.11	289.94	5.4582	0.76249	1.1784	371.64	1.5252	1.9401e-05	0.030018	supercritical
23.000	8.5500	0.097343	10.273	202.02	289.85	5.4561	0.76259	1.1791	371.81	1.5213	1.9414e-05	0.030050	supercritical
23.000	8.6000	0.097902	10.214	201.92	289.76	5.4541	0.76270	1.1799	371.99	1.5174	1.9426e-05	0.030081	supercritical
23.000	8.6500	0.098461	10.156	201.82	289.67	5.4521	0.76280	1.1806	372.16	1.5135	1.9438e-05	0.030113	supercritical
23.000	8.7000	0.099020	10.099	201.72	289.58	5.4501	0.76290	1.1814	372.34	1.5096	1.9451e-05	0.030144	supercritical
23.000	8.7500	0.099578	10.042	201.62	289.49	5.4481	0.76300	1.1821	372.51	1.5057	1.9463e-05	0.030176	supercritical
23.000	8.8000	0.10014	9.9864	201.52	289.40	5.4461	0.76310	1.1829	372.69	1.5018	1.9476e-05	0.030208	supercritical
23.000	8.8500	0.10069	9.9311	201.42	289.31	5.4441	0.76320	1.1836	372.86	1.4980	1.9488e-05	0.030239	supercritical
23.000	8.9000	0.10125	9.8764	201.33	289.23	5.4421	0.76330	1.1844	373.04	1.4941	1.9501e-05	0.030271	supercritical
23.000	8.9500	0.10181	9.8223	201.23	289.14	5.4402	0.76340	1.1851	373.22	1.4902	1.9513e-05	0.030303	supercritical
23.000	9.0000	0.10237	9.7688	201.13	289.05	5.4382	0.76350	1.1859	373.40	1.4863	1.9526e-05	0.030335	supercritical
23.000	9.0500	0.10292	9.7160	201.03	288.96	5.4363	0.76360	1.1866	373.58	1.4824	1.9538e-05	0.030366	supercritical
23.000	9.1000	0.10348	9.6637	200.93	288.87	5.4343	0.76370	1.1873	373.76	1.4786	1.9551e-05	0.030398	supercritical
23.000	9.1500	0.10404	9.6120	200.84	288.79	5.4324	0.76380	1.1881	373.94	1.4747	1.9564e-05	0.030430	supercritical
23.000	9.2000	0.10459	9.5609	200.74	288.70	5.4305	0.76390	1.1888	374.12	1.4708	1.9576e-05	0.030462	supercritical
23.000	9.2500	0.10515	9.5104	200.64	288.61	5.4286	0.76400	1.1896	374.30	1.4670	1.9589e-05	0.030493	supercritical
23.000	9.3000	0.10570	9.4604	200.54	288.52	5.4267	0.76410	1.1903	374.48	1.4631	1.9602e-05	0.030525	supercritical
23.000	9.3500	0.10626	9.4110	200.44	288.44	5.4248	0.76420	1.1910	374.66	1.4592	1.9615e-05	0.030557	supercritical
23.000	9.4000	0.10681	9.3621	200.35	288.35	5.4229	0.76430	1.1918	374.84	1.4554	1.9628e-05	0.030589	supercritical
23.000	9.4500	0.10737	9.3137	200.25	288.26	5.4211	0.76440	1.1925	375.03	1.4515	1.9640e-05	0.030621	supercritical
23.000	9.5000	0.10792	9.2659	200.15	288.18	5.4192	0.76449	1.1932	375.21	1.4477	1.9653e-05	0.030653	supercritical
23.000	9.5500	0.10848	9.2185	200.05	288.09	5.4174	0.76459	1.1939	375.40	1.4438	1.9666e-05	0.030685	supercritical
23.000	9.6000	0.10903	9.1717	199.96	288.00	5.4155	0.76469	1.1947	375.58	1.4400	1.9679e-05	0.030717	supercritical
23.000	9.6500	0.10958	9.1254	199.86	287.92	5.4137	0.76479	1.1954	375.77	1.4361	1.9692e-05	0.030749	supercritical
23.000	9.7000	0.11014	9.0795	199.76	287.83	5.4119	0.76489	1.1961	375.95	1.4323	1.9705e-05	0.030781	supercritical
23.000	9.7500	0.11069	9.0341	199.66	287.75	5.4100	0.76499	1.1968	376.14	1.4285	1.9718e-05	0.030813	supercritical
23.000	9.8000	0.11124	8.9892	199.57	287.66	5.4082	0.76508	1.1976	376.33	1.4246	1.9731e-05	0.030845	supercritical
23.000	9.8500	0.11180	8.9448	199.47	287.58	5.4064	0.76518	1.1983	376.51	1.4208	1.9744e-05	0.030877	supercritical
23.000	9.9000	0.11235	8.9009	199.37	287.49	5.4046	0.76528	1.1990	376.70	1.4170	1.9757e-05	0.030909	supercritical
23.000	9.9500	0.11290	8.8574	199.28	287.41	5.4028	0.76538	1.1997	376.89	1.4131	1.9770e-05	0.030941	supercritical
23.000	10.000	0.11345	8.8143	199.18	287.32	5.4011	0.76547	1.2004	377.08	1.4093	1.9783e-05	0.030973	supercritical
23.000	10.050	0.11400	8.7717	199.08	287.24	5.3993	0.76557	1.2011	377.27	1.4055	1.9797e-05	0.031005	supercritical
23.000	10.100	0.11455	8.7295	198.99	287.15	5.3975	0.76567	1.2019	377.46	1.4017	1.9810e-05	0.031037	supercritical
23.000	10.150	0.11511	8.6877	198.89	287.07	5.3958	0.76576	1.2026	377.65	1.3978	1.9823e-05	0.031069	supercritical
23.000	10.200	0.11566	8.6464	198.79	286.98	5.3940	0.76586	1.2033	377.84	1.3940	1.9836e-05	0.031101	supercritical
23.000	10.250	0.11621	8.6054	198.70	286.90	5.3923	0.76595	1.2040	378.03	1.3902	1.9850e-05	0.031134	supercritical
23.000	10.300	0.11676	8.5649	198.60	286.82	5.3906	0.76605	1.2047	378.23	1.3864	1.9863e-05	0.031166	supercritical
23.000	10.350	0.11731	8.5248	198.50	286.73	5.3888	0.76615	1.2054	378.42	1.3826	1.9876e-05	0.031198	supercritical
23.000	10.400	0.11785	8.4851	198.41	286.65	5.3871	0.76624	1.2061	378.61	1.3788	1.9890e-05	0.031230	supercritical
23.000	10.450	0.11840	8.4457	198.31	286.57	5.3854	0.76634	1.2068	378.81	1.3750	1.9903e-05	0.031262	supercritical
23.000	10.500	0.11895	8.4068	198.21	286.48	5.3837	0.76643	1.2075	379.00	1.3712	1.9916e-05	0.031294	supercritical
23.000	10.550	0.11950	8.3682	198.12	286.40	5.3820	0.76653	1.2082	379.20	1.3674	1.9930e-05	0.031327	supercritical
23.000	10.600	0.12005	8.3300	198.02	286.32	5.3803	0.76662	1.2089	379.39	1.3637	1.9943e-05	0.031359	supercritical
23.000	10.650	0.12060	8.2922	197.93	286.24	5.3786	0.76672	1.2096	379.59	1.3599	1.9957e-05	0.031391	supercritical
23.000	10.700	0.12114	8.2547	197.83	286.16	5.3770	0.76681	1.2103	379.79	1.3561	1.9970e-05	0.031424	supercritical
23.000	10.750	0.12169	8.2176	197.73	286.07	5.3753	0.76691	1.2110	379.98	1.3523	1.9984e-05	0.031456	supercritical
23.000	10.800	0.12224	8.1809	197.64	285.99	5.3736	0.76700	1.2117	380.18	1.3485	1.9997e-05	0.031488	supercritical
23.000	10.850	0.12278	8.1445	197.54	285.91	5.3720	0.76710	1.2124	380.38	1.3448	2.0011e-05	0.031520	supercritical
23.000	10.900	0.12333	8.1084	197.45	285.83	5.3703	0.76719	1.2131	380.58	1.3410	2.0025e-05	0.031553	supercritical
23.000	10.950	0.12387	8.0727	197.35	285.75	5.3687	0.76729	1.2137	380.78	1.3372	2.0038e-05	0.031585	supercritical
23.000	11.000	0.12442	8.0373	197.26	285.67	5.3671	0.76738	1.2144	380.98	1.3335	2.0052e-05	0.031617	supercritical
23.000	11.050	0.12496	8.0023	197.16	285.59	5.3654	0.76747	1.2151	381.18	1.3297	2.0066e-05	0.031650	supercritical
23.000	11.100	0.12551	7.9675	197.07	285.50	5.3638	0.76757	1.2158	381.38	1.3260	2.0079e-05	0.031682	supercritical
23.000	11.150	0.12605	7.9331	196.97	285.42	5.3622	0.76766	1.2165	381.58	1.3222	2.0093e-05	0.031715	supercritical
23.000	11.200	0.12660	7.8990	196.87	285.34	5.3606	0.76775	1.2172	381.78	1.3185	2.0107e-05	0.031747	supercritical
23.000	11.250	0.12714	7.8653	196.78	285.26	5.3590	0.76785	1.2178	381.98	1.3147	2.0121e-05	0.031779	supercritical
23.000	11.300	0.12768	7.8318	196.68	285.18	5.3574	0.76794	1.2185	382.19	1.3110	2.0135e-05	0.031812	supercritical
23.000	11.350	0.12823	7.7986	196.59	285.10	5.3558	0.76803	1.2192	382.39	1.3073	2.0149e-05	0.031844	supercritical
23.000	11.400	0.12877	7.7658	196.49	285.02	5.3542	0.76813	1.2199	382.59	1.3035	2.0162e-05	0.031877	supercritical
23.000	11.450	0.12931	7.7332	196.40	284.94	5.3527	0.76822	1.2205	382.80	1.2998	2.0176e-05	0.031909	supercritical
23.000	11.500	0.12985	7.7009	196.31	284.87	5.3511	0.76831	1.2212	383.00	1.2961	2.0190e-05	0.031942	supercritical
23.000	11.550	0.13040	7.6689	196.21	284.79	5.3495	0.76840	1.2219	383.21	1.2924	2.0204e-05	0.031974	supercritical
23.000	11.600	0.13094	7.6372	196.12	284.71	5.3480	0.76850	1.2225	383.42	1.2887	2.0218e-05	0.032007	supercritical
23.000	11.650	0.13148	7.6058	196.02	284.63	5.3464	0.76859	1.2232	383.62	1.2850	2.0232e-05	0.032039	supercritical
23.000	11.700	0.13202	7.5747	195.93	284.55	5.3449	0.76868	1.2239	383.83	1.2813	2.0246e-05	0.032072	supercritical
23.000	11.750	0.13256	7.5438	195.83	284.47	5.3433	0.76877	1.2245	384.04	1.2776	2.0261e-05	0.032104	supercritical
23.000	11.800	0.13310	7.5132	195.74	284.39	5.3418	0.76886	1.2252	384.24	1.2739	2.0275e-05	0.032137	supercritical
23.000	11.850	0.13364	7.4829	195.64	284.32	5.3403	0.76895	1.2259	384.45	1.2702	2.0289e-05	0.032169	supercritical
23.000	11.900	0.13418	7.4528	195.55	284.24	5.3387	0.76904	1.2265	384.66	1.2665	2.0303e-05	0.032202	supercritical
23.000	11.950	0.13472	7.4230	195.46	284.16	5.3372	0.76914	1.2272	384.87	1.2628	2.0317e-05	0.032234	supercritical
23.000	12.000	0.13525	7.3935	195.36	284.08	5.3357	0.76923	1.2278	385.08	1.2591	2.0331e-05	0.032267	supercritical
23.000	12.050	0.13579	7.3642	195.27	284.01	5.3342	0.76932	1.2285	385.29	1.2554	2.0346e-05	0.032300	supercritical
23.000	12.100	0.13633	7.3351	195.17	283.93	5.3327	0.76941	1.2291	385.50	1.2518	2.0360e-05	0.032332	supercritical
23.000	12.150	0.13687	7.3063	195.08	283.85	5.3312	0.76950	1.2298	385.72	1.2481	2.0374e-05	0.032365	supercritical
23.000	12.200	0.13740	7.2778	194.99	283.78	5.3297	0.76959	1.2304	385.93	1.2444	2.0389e-05	0.032397	supercritical
23.000	12.250	0.13794	7.2495	194.89	283.70	5.3282	0.76968	1.2311	386.14	1.2408	2.0403e-05	0.032430	supercritical
23.000	12.300	0.13848	7.2214	194.80	283.62	5.3267	0.76977	1.2317	386.35	1.2371	2.0417e-05	0.032463	supercritical
23.000	12.350	0.13901	7.1936	194.71	283.55	5.3253	0.76986	1.2324	386.57	1.2335	2.0432e-05	0.032495	supercritical
23.000	12.400	0.13955	7.1660	194.61	283.47	5.3238	0.76995	1.2330	386.78	1.2298	2.0446e-05	0.032528	supercritical
23.000	12.450	0.14008	7.1386	194.52	283.40	5.3223	0.77004	1.2336	386.99	1.2262	2.0461e-05	0.032561	supercritical
23.000	12.500	0.14062	7.1115	194.43	283.32	5.3209	0.77013	1.2343	387.21	1.2225	2.0475e-05	0.032593	supercritical
23.000	12.550	0.14115	7.0845	194.33	283.24	5.3194	0.77022	1.2349	387.43	1.2189	2.0490e-05	0.032626	supercritical
23.000	12.600	0.14169	7.0578	194.24	283.17	5.3180	0.77031	1.2356	387.64	1.2153	2.0504e-05	0.032659	supercritical
23.000	12.650	0.14222	7.0314	194.15	283.09	5.3165	0.77040	1.2362	387.86	1.2116	2.0519e-05	0.032692	supercritical
23.000	12.700	0.14275	7.0051	194.05	283.02	5.3151	0.77048	1.2368	388.07	1.2080	2.0533e-05	0.032724	supercritical
23.000	12.750	0.14329	6.9791	193.96	282.94	5.3137	0.77057	1.2375	388.29	1.2044	2.0548e-05	0.032757	supercritical
23.000	12.800	0.14382	6.9532	193.87	282.87	5.3122	0.77066	1.2381	388.51	1.2008	2.0563e-05	0.032790	supercritical
23.000	12.850	0.14435	6.9276	193.78	282.80	5.3108	0.77075	1.2387	388.73	1.1972	2.0577e-05	0.032823	supercritical
23.000	12.900	0.14488	6.9022	193.68	282.72	5.3094	0.77084	1.2393	388.95	1.1936	2.0592e-05	0.032855	supercritical
23.000	12.950	0.14541	6.8770	193.59	282.65	5.3080	0.77093	1.2400	389.17	1.1900	2.0607e-05	0.032888	supercritical
23.000	13.000	0.14594	6.8520	193.50	282.57	5.3066	0.77102	1.2406	389.39	1.1864	2.0621e-05	0.032921	supercritical
23.000	13.050	0.14647	6.8271	193.41	282.50	5.3052	0.77110	1.2412	389.61	1.1828	2.0636e-05	0.032954	supercritical
23.000	13.100	0.14700	6.8025	193.31	282.43	5.3038	0.77119	1.2418	389.83	1.1792	2.0651e-05	0.032987	supercritical
23.000	13.150	0.14753	6.7781	193.22	282.35	5.3024	0.77128	1.2424	390.05	1.1756	2.0666e-05	0.033019	supercritical
23.000	13.200	0.14806	6.7539	193.13	282.28	5.3010	0.77137	1.2430	390.27	1.1720	2.0681e-05	0.033052	supercritical
23.000	13.250	0.14859	6.7298	193.04	282.21	5.2996	0.77145	1.2437	390.49	1.1685	2.0695e-05	0.033085	supercritical
23.000	13.300	0.14912	6.7060	192.95	282.14	5.2982	0.77154	1.2443	390.71	1.1649	2.0710e-05	0.033118	supercritical
23.000	13.350	0.14965	6.6823	192.85	282.06	5.2969	0.77163	1.2449	390.94	1.1613	2.0725e-05	0.033151	supercritical
23.000	13.400	0.15018	6.6589	192.76	281.99	5.2955	0.77171	1.2455	391.16	1.1578	2.0740e-05	0.033184	supercritical
23.000	13.450	0.15070	6.6356	192.67	281.92	5.2941	0.77180	1.2461	391.39	1.1542	2.0755e-05	0.033217	supercritical
23.000	13.500	0.15123	6.6125	192.58	281.85	5.2928	0.77189	1.2467	391.61	1.1507	2.0770e-05	0.033250	supercritical
23.000	13.550	0.15176	6.5895	192.49	281.78	5.2914	0.77197	1.2473	391.83	1.1471	2.0785e-05	0.033283	supercritical
23.000	13.600	0.15228	6.5668	192.40	281.70	5.2901	0.77206	1.2479	392.06	1.1436	2.0800e-05	0.033315	supercritical
23.000	13.650	0.15281	6.5442	192.31	281.63	5.2887	0.77215	1.2485	392.29	1.1400	2.0815e-05	0.033348	supercritical
23.000	13.700	0.15333	6.5218	192.21	281.56	5.2874	0.77223	1.2491	392.51	1.1365	2.0830e-05	0.033381	supercritical
23.000	13.750	0.15386	6.4995	192.12	281.49	5.2860	0.77232	1.2497	392.74	1.1330	2.0845e-05	0.033414	supercritical
23.000	13.800	0.15438	6.4774	192.03	281.42	5.2847	0.77240	1.2503	392.97	1.1295	2.0861e-05	0.033447	supercritical
23.000	13.850	0.15491	6.4555	191.94	281.35	5.2834	0.77249	1.2509	393.19	1.1260	2.0876e-05	0.033480	supercritical
23.000	13.900	0.15543	6.4338	191.85	281.28	5.2820	0.77258	1.2515	393.42	1.1224	2.0891e-05	0.033513	supercritical
23.000	13.950	0.15595	6.4122	191.76	281.21	5.2807	0.77266	1.2521	393.65	1.1189	2.0906e-05	0.033546	supercritical
23.000	14.000	0.15648	6.3908	191.67	281.14	5.2794	0.77275	1.2527	393.88	1.1154	2.0921e-05	0.033579	supercritical
23.000	14.050	0.15700	6.3695	191.58	281.07	5.2781	0.77283	1.2532	394.11	1.1119	2.0937e-05	0.033612	supercritical
23.000	14.100	0.15752	6.3484	191.49	281.00	5.2768	0.77292	1.2538	394.34	1.1084	2.0952e-05	0.033645	supercritical
23.000	14.150	0.15804	6.3275	191.40	280.93	5.2755	0.77300	1.2544	394.57	1.1050	2.0967e-05	0.033678	supercritical
23.000	14.200	0.15856	6.3067	191.31	280.86	5.2742	0.77309	1.2550	394.80	1.1015	2.0983e-05	0.033711	supercritical
23.000	14.250	0.15908	6.2861	191.22	280.79	5.2729	0.77317	1.2556	395.03	1.0980	2.0998e-05	0.033744	supercritical
23.000	14.300	0.15960	6.2656	191.13	280.72	5.2716	0.77326	1.2562	395.26	1.0945	2.1013e-05	0.033778	supercritical
23.000	14.350	0.16012	6.2452	191.04	280.66	5.2703	0.77334	1.2567	395.49	1.0911	2.1029e-05	0.033811	supercritical
23.000	14.400	0.16064	6.2251	190.95	280.59	5.2690	0.77342	1.2573	395.73	1.0876	2.1044e-05	0.033844	supercritical
23.000	14.450	0.16116	6.2050	190.86	280.52	5.2677	0.77351	1.2579	395.96	1.0841	2.1060e-05	0.033877	supercritical
23.000	14.500	0.16168	6.1851	190.77	280.45	5.2665	0.77359	1.2584	396.19	1.0807	2.1075e-05	0.033910	supercritical
23.000	14.550	0.16220	6.1654	190.68	280.38	5.2652	0.77368	1.2590	396.43	1.0772	2.1091e-05	0.033943	supercritical
23.000	14.600	0.16271	6.1458	190.59	280.32	5.2639	0.77376	1.2596	396.66	1.0738	2.1106e-05	0.033976	supercritical
23.000	14.650	0.16323	6.1263	190.50	280.25	5.2627	0.77384	1.2602	396.90	1.0704	2.1122e-05	0.034009	supercritical
23.000	14.700	0.16375	6.1070	190.41	280.18	5.2614	0.77393	1.2607	397.13	1.0669	2.1137e-05	0.034042	supercritical
23.000	14.750	0.16426	6.0878	190.32	280.11	5.2601	0.77401	1.2613	397.37	1.0635	2.1153e-05	0.034076	supercritical
23.000	14.800	0.16478	6.0687	190.23	280.05	5.2589	0.77409	1.2618	397.60	1.0601	2.1168e-05	0.034109	supercritical
23.000	14.850	0.16529	6.0498	190.14	279.98	5.2576	0.77418	1.2624	397.84	1.0567	2.1184e-05	0.034142	supercritical
23.000	14.900	0.16581	6.0310	190.05	279.91	5.2564	0.77426	1.2630	398.08	1.0533	2.1200e-05	0.034175	supercritical
23.000	14.950	0.16632	6.0124	189.96	279.85	5.2552	0.77434	1.2635	398.31	1.0499	2.1215e-05	0.034208	supercritical
23.000	15.000	0.16684	5.9938	189.87	279.78	5.2539	0.77442	1.2641	398.55	1.0465	2.1231e-05	0.034242	supercritical
23.000	15.050	0.16735	5.9754	189.78	279.71	5.2527	0.77451	1.2646	398.79	1.0431	2.1247e-05	0.034275	supercritical
23.000	15.100	0.16786	5.9572	189.69	279.65	5.2515	0.77459	1.2652	399.03	1.0397	2.1263e-05	0.034308	supercritical
23.000	15.150	0.16838	5.9390	189.61	279.58	5.2502	0.77467	1.2657	399.27	1.0363	2.1278e-05	0.034341	supercritical
23.000	15.200	0.16889	5.9210	189.52	279.52	5.2490	0.77475	1.2663	399.50	1.0329	2.1294e-05	0.034375	supercritical
23.000	15.250	0.16940	5.9031	189.43	279.45	5.2478	0.77483	1.2668	399.74	1.0295	2.1310e-05	0.034408	supercritical
23.000	15.300	0.16991	5.8854	189.34	279.39	5.2466	0.77492	1.2673	399.98	1.0262	2.1326e-05	0.034441	supercritical
23.000	15.350	0.17042	5.8677	189.25	279.32	5.2454	0.77500	1.2679	400.23	1.0228	2.1342e-05	0.034474	supercritical
23.000	15.400	0.17093	5.8502	189.16	279.26	5.2442	0.77508	1.2684	400.47	1.0194	2.1358e-05	0.034508	supercritical
23.000	15.450	0.17144	5.8328	189.08	279.19	5.2429	0.77516	1.2690	400.71	1.0161	2.1373e-05	0.034541	supercritical
23.000	15.500	0.17195	5.8155	188.99	279.13	5.2417	0.77524	1.2695	400.95	1.0127	2.1389e-05	0.034574	supercritical
23.000	15.550	0.17246	5.7983	188.90	279.06	5.2405	0.77532	1.2700	401.19	1.0094	2.1405e-05	0.034608	supercritical
23.000	15.600	0.17297	5.7813	188.81	279.00	5.2394	0.77541	1.2706	401.43	1.0060	2.1421e-05	0.034641	supercritical
23.000	15.650	0.17348	5.7644	188.72	278.94	5.2382	0.77549	1.2711	401.68	1.0027	2.1437e-05	0.034674	supercritical
23.000	15.700	0.17399	5.7475	188.64	278.87	5.2370	0.77557	1.2716	401.92	0.99939	2.1453e-05	0.034708	supercritical
23.000	15.750	0.17449	5.7308	188.55	278.81	5.2358	0.77565	1.2722	402.16	0.99607	2.1469e-05	0.034741	supercritical
23.000	15.800	0.17500	5.7142	188.46	278.75	5.2346	0.77573	1.2727	402.41	0.99275	2.1485e-05	0.034774	supercritical
23.000	15.850	0.17551	5.6977	188.37	278.68	5.2334	0.77581	1.2732	402.65	0.98944	2.1502e-05	0.034808	supercritical
23.000	15.900	0.17601	5.6814	188.29	278.62	5.2323	0.77589	1.2737	402.90	0.98613	2.1518e-05	0.034841	supercritical
23.000	15.950	0.17652	5.6651	188.20	278.56	5.2311	0.77597	1.2743	403.14	0.98283	2.1534e-05	0.034875	supercritical
23.000	16.000	0.17702	5.6489	188.11	278.49	5.2299	0.77605	1.2748	403.39	0.97953	2.1550e-05	0.034908	supercritical
23.000	16.050	0.17753	5.6329	188.02	278.43	5.2288	0.77613	1.2753	403.63	0.97624	2.1566e-05	0.034942	supercritical
23.000	16.100	0.17803	5.6169	187.94	278.37	5.2276	0.77621	1.2758	403.88	0.97296	2.1582e-05	0.034975	supercritical
23.000	16.150	0.17854	5.6011	187.85	278.31	5.2265	0.77629	1.2763	404.13	0.96968	2.1598e-05	0.035008	supercritical
23.000	16.200	0.17904	5.5854	187.76	278.25	5.2253	0.77637	1.2768	404.38	0.96641	2.1615e-05	0.035042	supercritical
23.000	16.250	0.17954	5.5697	187.68	278.18	5.2241	0.77645	1.2773	404.62	0.96314	2.1631e-05	0.035075	supercritical
23.000	16.300	0.18004	5.5542	187.59	278.12	5.2230	0.77653	1.2778	404.87	0.95988	2.1647e-05	0.035109	supercritical
23.000	16.350	0.18055	5.5388	187.50	278.06	5.2219	0.77661	1.2784	405.12	0.95662	2.1664e-05	0.035142	supercritical
23.000	16.400	0.18105	5.5234	187.42	278.00	5.2207	0.77669	1.2789	405.37	0.95337	2.1680e-05	0.035176	supercritical
23.000	16.450	0.18155	5.5082	187.33	277.94	5.2196	0.77676	1.2794	405.62	0.95012	2.1696e-05	0.035209	supercritical
23.000	16.500	0.18205	5.4930	187.24	277.88	5.2184	0.77684	1.2799	405.87	0.94688	2.1713e-05	0.035243	supercritical
23.000	16.550	0.18255	5.4780	187.16	277.82	5.2173	0.77692	1.2804	406.12	0.94364	2.1729e-05	0.035276	supercritical
23.000	16.600	0.18305	5.4631	187.07	277.76	5.2162	0.77700	1.2809	406.37	0.94041	2.1745e-05	0.035310	supercritical
23.000	16.650	0.18355	5.4482	186.99	277.70	5.2151	0.77708	1.2814	406.62	0.93719	2.1762e-05	0.035344	supercritical
23.000	16.700	0.18404	5.4335	186.90	277.64	5.2139	0.77716	1.2819	406.87	0.93397	2.1778e-05	0.035377	supercritical
23.000	16.750	0.18454	5.4188	186.81	277.58	5.2128	0.77724	1.2823	407.12	0.93075	2.1795e-05	0.035411	supercritical
23.000	16.800	0.18504	5.4042	186.73	277.52	5.2117	0.77731	1.2828	407.37	0.92755	2.1811e-05	0.035444	supercritical
23.000	16.850	0.18554	5.3898	186.64	277.46	5.2106	0.77739	1.2833	407.62	0.92434	2.1828e-05	0.035478	supercritical
23.000	16.900	0.18603	5.3754	186.56	277.40	5.2095	0.77747	1.2838	407.88	0.92115	2.1844e-05	0.035512	supercritical
23.000	16.950	0.18653	5.3611	186.47	277.34	5.2084	0.77755	1.2843	408.13	0.91795	2.1861e-05	0.035545	supercritical
23.000	17.000	0.18703	5.3469	186.39	277.28	5.2073	0.77763	1.2848	408.38	0.91477	2.1877e-05	0.035579	supercritical
23.000	17.050	0.18752	5.3327	186.30	277.22	5.2062	0.77770	1.2853	408.64	0.91159	2.1894e-05	0.035612	supercritical
23.000	17.100	0.18802	5.3187	186.22	277.17	5.2051	0.77778	1.2858	408.89	0.90841	2.1911e-05	0.035646	supercritical
23.000	17.150	0.18851	5.3048	186.13	277.11	5.2040	0.77786	1.2862	409.14	0.90524	2.1927e-05	0.035680	supercritical
23.000	17.200	0.18900	5.2909	186.04	277.05	5.2029	0.77794	1.2867	409.40	0.90208	2.1944e-05	0.035713	supercritical
23.000	17.250	0.18950	5.2772	185.96	276.99	5.2018	0.77801	1.2872	409.65	0.89892	2.1960e-05	0.035747	supercritical
23.000	17.300	0.18999	5.2635	185.88	276.93	5.2007	0.77809	1.2877	409.91	0.89577	2.1977e-05	0.035781	supercritical
23.000	17.350	0.19048	5.2499	185.79	276.88	5.1996	0.77817	1.2881	410.17	0.89262	2.1994e-05	0.035815	supercritical
23.000	17.400	0.19097	5.2363	185.71	276.82	5.1986	0.77824	1.2886	410.42	0.88948	2.2011e-05	0.035848	supercritical
23.000	17.450	0.19146	5.2229	185.62	276.76	5.1975	0.77832	1.2891	410.68	0.88634	2.2027e-05	0.035882	supercritical
23.000	17.500	0.19195	5.2096	185.54	276.70	5.1964	0.77840	1.2895	410.94	0.88321	2.2044e-05	0.035916	supercritical
23.000	17.550	0.19245	5.1963	185.45	276.65	5.1953	0.77847	1.2900	411.19	0.88009	2.2061e-05	0.035949	supercritical
23.000	17.600	0.19293	5.1831	185.37	276.59	5.1943	0.77855	1.2905	411.45	0.87697	2.2078e-05	0.035983	supercritical
23.000	17.650	0.19342	5.1700	185.28	276.53	5.1932	0.77863	1.2909	411.71	0.87385	2.2095e-05	0.036017	supercritical
23.000	17.700	0.19391	5.1570	185.20	276.48	5.1922	0.77870	1.2914	411.97	0.87075	2.2111e-05	0.036051	supercritical
23.000	17.750	0.19440	5.1440	185.12	276.42	5.1911	0.77878	1.2919	412.22	0.86764	2.2128e-05	0.036085	supercritical
23.000	17.800	0.19489	5.1311	185.03	276.37	5.1900	0.77885	1.2923	412.48	0.86455	2.2145e-05	0.036118	supercritical
23.000	17.850	0.19538	5.1183	184.95	276.31	5.1890	0.77893	1.2928	412.74	0.86146	2.2162e-05	0.036152	supercritical
23.000	17.900	0.19586	5.1056	184.86	276.25	5.1879	0.77901	1.2932	413.00	0.85837	2.2179e-05	0.036186	supercritical
23.000	17.950	0.19635	5.0930	184.78	276.20	5.1869	0.77908	1.2937	413.26	0.85529	2.2196e-05	0.036220	supercritical
23.000	18.000	0.19684	5.0804	184.70	276.14	5.1858	0.77916	1.2941	413.52	0.85221	2.2213e-05	0.036254	supercritical
23.000	18.050	0.19732	5.0679	184.61	276.09	5.1848	0.77923	1.2946	413.78	0.84915	2.2230e-05	0.036287	supercritical
23.000	18.100	0.19781	5.0555	184.53	276.03	5.1838	0.77931	1.2950	414.04	0.84608	2.2247e-05	0.036321	supercritical
23.000	18.150	0.19829	5.0431	184.45	275.98	5.1827	0.77938	1.2955	414.30	0.84303	2.2264e-05	0.036355	supercritical
23.000	18.200	0.19877	5.0308	184.36	275.92	5.1817	0.77946	1.2959	414.57	0.83997	2.2281e-05	0.036389	supercritical
23.000	18.250	0.19926	5.0186	184.28	275.87	5.1807	0.77953	1.2963	414.83	0.83693	2.2298e-05	0.036423	supercritical
23.000	18.300	0.19974	5.0065	184.20	275.82	5.1796	0.77961	1.2968	415.09	0.83389	2.2315e-05	0.036457	supercritical
23.000	18.350	0.20022	4.9944	184.11	275.76	5.1786	0.77968	1.2972	415.35	0.83085	2.2332e-05	0.036491	supercritical
23.000	18.400	0.20071	4.9824	184.03	275.71	5.1776	0.77976	1.2977	415.61	0.82782	2.2349e-05	0.036525	supercritical
23.000	18.450	0.20119	4.9705	183.95	275.65	5.1766	0.77983	1.2981	415.88	0.82480	2.2366e-05	0.036559	supercritical
23.000	18.500	0.20167	4.9587	183.87	275.60	5.1755	0.77991	1.2985	416.14	0.82178	2.2383e-05	0.036592	supercritical
23.000	18.550	0.20215	4.9469	183.78	275.55	5.1745	0.77998	1.2990	416.40	0.81877	2.2401e-05	0.036626	supercritical
23.000	18.600	0.20263	4.9352	183.70	275.49	5.1735	0.78005	1.2994	416.67	0.81576	2.2418e-05	0.036660	supercritical
23.000	18.650	0.20311	4.9235	183.62	275.44	5.1725	0.78013	1.2998	416.93	0.81276	2.2435e-05	0.036694	supercritical
23.000	18.700	0.20359	4.9119	183.54	275.39	5.1715	0.78020	1.3003	417.20	0.80977	2.2452e-05	0.036728	supercritical
23.000	18.750	0.20407	4.9004	183.45	275.34	5.1705	0.78028	1.3007	417.46	0.80678	2.2469e-05	0.036762	supercritical
23.000	18.800	0.20454	4.8889	183.37	275.28	5.1695	0.78035	1.3011	417.73	0.80379	2.2487e-05	0.036796	supercritical
23.000	18.850	0.20502	4.8776	183.29	275.23	5.1685	0.78042	1.3015	417.99	0.80081	2.2504e-05	0.036830	supercritical
23.000	18.900	0.20550	4.8662	183.21	275.18	5.1675	0.78050	1.3019	418.26	0.79784	2.2521e-05	0.036864	supercritical
23.000	18.950	0.20597	4.8550	183.13	275.13	5.1665	0.78057	1.3024	418.53	0.79487	2.2539e-05	0.036898	supercritical
23.000	19.000	0.20645	4.8438	183.04	275.08	5.1655	0.78064	1.3028	418.79	0.79191	2.2556e-05	0.036932	supercritical
23.000	19.050	0.20693	4.8327	182.96	275.02	5.1645	0.78072	1.3032	419.06	0.78896	2.2573e-05	0.036966	supercritical
23.000	19.100	0.20740	4.8216	182.88	274.97	5.1635	0.78079	1.3036	419.33	0.78601	2.2591e-05	0.037000	supercritical
23.000	19.150	0.20788	4.8106	182.80	274.92	5.1625	0.78086	1.3040	419.59	0.78306	2.2608e-05	0.037034	supercritical
23.000	19.200	0.20835	4.7996	182.72	274.87	5.1615	0.78094	1.3044	419.86	0.78012	2.2625e-05	0.037069	supercritical
23.000	19.250	0.20882	4.7888	182.64	274.82	5.1606	0.78101	1.3048	420.13	0.77719	2.2643e-05	0.037103	supercritical
23.000	19.300	0.20930	4.7779	182.56	274.77	5.1596	0.78108	1.3053	420.40	0.77426	2.2660e-05	0.037137	supercritical
23.000	19.350	0.20977	4.7672	182.47	274.72	5.1586	0.78116	1.3057	420.67	0.77134	2.2678e-05	0.037171	supercritical
23.000	19.400	0.21024	4.7565	182.39	274.67	5.1576	0.78123	1.3061	420.94	0.76843	2.2695e-05	0.037205	supercritical
23.000	19.450	0.21071	4.7458	182.31	274.62	5.1567	0.78130	1.3065	421.20	0.76552	2.2712e-05	0.037239	supercritical
23.000	19.500	0.21118	4.7352	182.23	274.57	5.1557	0.78137	1.3069	421.47	0.76261	2.2730e-05	0.037273	supercritical
23.000	19.550	0.21165	4.7247	182.15	274.52	5.1547	0.78144	1.3073	421.74	0.75971	2.2747e-05	0.037307	supercritical
23.000	19.600	0.21212	4.7142	182.07	274.47	5.1538	0.78152	1.3077	422.01	0.75682	2.2765e-05	0.037341	supercritical
23.000	19.650	0.21259	4.7038	181.99	274.42	5.1528	0.78159	1.3081	422.28	0.75393	2.2783e-05	0.037376	supercritical
23.000	19.700	0.21306	4.6935	181.91	274.37	5.1518	0.78166	1.3085	422.55	0.75105	2.2800e-05	0.037410	supercritical
23.000	19.750	0.21353	4.6832	181.83	274.32	5.1509	0.78173	1.3088	422.83	0.74817	2.2818e-05	0.037444	supercritical
23.000	19.800	0.21400	4.6729	181.75	274.27	5.1499	0.78180	1.3092	423.10	0.74530	2.2835e-05	0.037478	supercritical
23.000	19.850	0.21447	4.6627	181.67	274.22	5.1490	0.78188	1.3096	423.37	0.74244	2.2853e-05	0.037512	supercritical
23.000	19.900	0.21493	4.6526	181.59	274.18	5.1480	0.78195	1.3100	423.64	0.73958	2.2870e-05	0.037546	supercritical
23.000	19.950	0.21540	4.6425	181.51	274.13	5.1471	0.78202	1.3104	423.91	0.73673	2.2888e-05	0.037581	supercritical
23.000	20.000	0.21587	4.6325	181.43	274.08	5.1461	0.78209	1.3108	424.18	0.73388	2.2906e-05	0.037615	supercritical
23.000	20.050	0.21633	4.6226	181.35	274.03	5.1452	0.78216	1.3112	424.46	0.73104	2.2923e-05	0.037649	supercritical
23.000	20.100	0.21680	4.6126	181.27	273.98	5.1442	0.78223	1.3116	424.73	0.72820	2.2941e-05	0.037683	supercritical
23.000	20.150	0.21726	4.6028	181.19	273.94	5.1433	0.78230	1.3119	425.00	0.72537	2.2959e-05	0.037717	supercritical
23.000	20.200	0.21772	4.5930	181.11	273.89	5.1424	0.78238	1.3123	425.28	0.72255	2.2976e-05	0.037752	supercritical
23.000	20.250	0.21819	4.5832	181.03	273.84	5.1414	0.78245	1.3127	425.55	0.71973	2.2994e-05	0.037786	supercritical
23.000	20.300	0.21865	4.5735	180.95	273.79	5.1405	0.78252	1.3131	425.82	0.71691	2.3012e-05	0.037820	supercritical
23.000	20.350	0.21911	4.5639	180.87	273.75	5.1396	0.78259	1.3134	426.10	0.71411	2.3030e-05	0.037854	supercritical
23.000	20.400	0.21957	4.5543	180.79	273.70	5.1386	0.78266	1.3138	426.37	0.71130	2.3047e-05	0.037889	supercritical
23.000	20.450	0.22004	4.5447	180.71	273.65	5.1377	0.78273	1.3142	426.65	0.70851	2.3065e-05	0.037923	supercritical
23.000	20.500	0.22050	4.5352	180.64	273.61	5.1368	0.78280	1.3146	426.92	0.70572	2.3083e-05	0.037957	supercritical
23.000	20.550	0.22096	4.5258	180.56	273.56	5.1359	0.78287	1.3149	427.20	0.70293	2.3101e-05	0.037992	supercritical
23.000	20.600	0.22142	4.5164	180.48	273.51	5.1350	0.78294	1.3153	427.47	0.70015	2.3119e-05	0.038026	supercritical
23.000	20.650	0.22188	4.5070	180.40	273.47	5.1340	0.78301	1.3157	427.75	0.69738	2.3137e-05	0.038060	supercritical
23.000	20.700	0.22234	4.4977	180.32	273.42	5.1331	0.78308	1.3160	428.02	0.69461	2.3154e-05	0.038095	supercritical
23.000	20.750	0.22279	4.4884	180.24	273.38	5.1322	0.78315	1.3164	428.30	0.69185	2.3172e-05	0.038129	supercritical
23.000	20.800	0.22325	4.4792	180.16	273.33	5.1313	0.78322	1.3167	428.58	0.68909	2.3190e-05	0.038163	supercritical
23.000	20.850	0.22371	4.4701	180.09	273.29	5.1304	0.78329	1.3171	428.85	0.68634	2.3208e-05	0.038198	supercritical
23.000	20.900	0.22417	4.4610	180.01	273.24	5.1295	0.78336	1.3175	429.13	0.68359	2.3226e-05	0.038232	supercritical
23.000	20.950	0.22462	4.4519	179.93	273.20	5.1286	0.78343	1.3178	429.41	0.68085	2.3244e-05	0.038266	supercritical
23.000	21.000	0.22508	4.4429	179.85	273.15	5.1277	0.78350	1.3182	429.68	0.67812	2.3262e-05	0.038301	supercritical
23.000	21.050	0.22553	4.4339	179.77	273.11	5.1268	0.78357	1.3185	429.96	0.67539	2.3280e-05	0.038335	supercritical
23.000	21.100	0.22599	4.4250	179.70	273.06	5.1259	0.78364	1.3189	430.24	0.67267	2.3298e-05	0.038369	supercritical
23.000	21.150	0.22644	4.4161	179.62	273.02	5.1250	0.78371	1.3192	430.52	0.66995	2.3316e-05	0.038404	supercritical
23.000	21.200	0.22690	4.4073	179.54	272.97	5.1241	0.78378	1.3196	430.80	0.66724	2.3334e-05	0.038438	supercritical
23.000	21.250	0.22735	4.3985	179.46	272.93	5.1232	0.78385	1.3199	431.08	0.66453	2.3352e-05	0.038473	supercritical
23.000	21.300	0.22780	4.3898	179.38	272.89	5.1223	0.78391	1.3203	431.35	0.66183	2.3370e-05	0.038507	supercritical
23.000	21.350	0.22826	4.3811	179.31	272.84	5.1214	0.78398	1.3206	431.63	0.65914	2.3388e-05	0.038541	supercritical
23.000	21.400	0.22871	4.3724	179.23	272.80	5.1205	0.78405	1.3209	431.91	0.65645	2.3406e-05	0.038576	supercritical
23.000	21.450	0.22916	4.3638	179.15	272.76	5.1197	0.78412	1.3213	432.19	0.65376	2.3424e-05	0.038610	supercritical
23.000	21.500	0.22961	4.3552	179.08	272.71	5.1188	0.78419	1.3216	432.47	0.65108	2.3442e-05	0.038645	supercritical
23.000	21.550	0.23006	4.3467	179.00	272.67	5.1179	0.78426	1.3220	432.75	0.64841	2.3460e-05	0.038679	supercritical
23.000	21.600	0.23051	4.3382	178.92	272.63	5.1170	0.78433	1.3223	433.03	0.64574	2.3478e-05	0.038714	supercritical
23.000	21.650	0.23096	4.3298	178.85	272.58	5.1161	0.78440	1.3226	433.31	0.64308	2.3497e-05	0.038748	supercritical
23.000	21.700	0.23141	4.3214	178.77	272.54	5.1153	0.78446	1.3230	433.59	0.64043	2.3515e-05	0.038782	supercritical
23.000	21.750	0.23186	4.3130	178.69	272.50	5.1144	0.78453	1.3233	433.88	0.63778	2.3533e-05	0.038817	supercritical
23.000	21.800	0.23230	4.3047	178.62	272.46	5.1135	0.78460	1.3236	434.16	0.63513	2.3551e-05	0.038851	supercritical
23.000	21.850	0.23275	4.2964	178.54	272.42	5.1127	0.78467	1.3240	434.44	0.63249	2.3569e-05	0.038886	supercritical
23.000	21.900	0.23320	4.2882	178.46	272.37	5.1118	0.78474	1.3243	434.72	0.62986	2.3587e-05	0.038920	supercritical
23.000	21.950	0.23364	4.2800	178.39	272.33	5.1109	0.78480	1.3246	435.00	0.62723	2.3606e-05	0.038955	supercritical
23.000	22.000	0.23409	4.2719	178.31	272.29	5.1101	0.78487	1.3249	435.28	0.62461	2.3624e-05	0.038989	supercritical
23.000	22.050	0.23453	4.2638	178.23	272.25	5.1092	0.78494	1.3253	435.57	0.62199	2.3642e-05	0.039024	supercritical
23.000	22.100	0.23498	4.2557	178.16	272.21	5.1084	0.78501	1.3256	435.85	0.61938	2.3660e-05	0.039058	supercritical
23.000	22.150	0.23542	4.2477	178.08	272.17	5.1075	0.78508	1.3259	436.13	0.61678	2.3679e-05	0.039093	supercritical
23.000	22.200	0.23587	4.2397	178.01	272.13	5.1066	0.78514	1.3262	436.41	0.61418	2.3697e-05	0.039127	supercritical
23.000	22.250	0.23631	4.2317	177.93	272.09	5.1058	0.78521	1.3265	436.70	0.61158	2.3715e-05	0.039162	supercritical
23.000	22.300	0.23675	4.2238	177.86	272.05	5.1049	0.78528	1.3269	436.98	0.60899	2.3733e-05	0.039196	supercritical
23.000	22.350	0.23720	4.2159	177.78	272.01	5.1041	0.78535	1.3272	437.26	0.60641	2.3752e-05	0.039231	supercritical
23.000	22.400	0.23764	4.2081	177.70	271.97	5.1032	0.78541	1.3275	437.55	0.60383	2.3770e-05	0.039266	supercritical
23.000	22.450	0.23808	4.2003	177.63	271.93	5.1024	0.78548	1.3278	437.83	0.60126	2.3788e-05	0.039300	supercritical
23.000	22.500	0.23852	4.1925	177.55	271.89	5.1016	0.78555	1.3281	438.12	0.59869	2.3807e-05	0.039335	supercritical
23.000	22.550	0.23896	4.1848	177.48	271.85	5.1007	0.78561	1.3284	438.40	0.59613	2.3825e-05	0.039369	supercritical
23.000	22.600	0.23940	4.1771	177.40	271.81	5.0999	0.78568	1.3287	438.69	0.59358	2.3843e-05	0.039404	supercritical
23.000	22.650	0.23984	4.1695	177.33	271.77	5.0990	0.78575	1.3290	438.97	0.59103	2.3862e-05	0.039438	supercritical
23.000	22.700	0.24028	4.1619	177.25	271.73	5.0982	0.78581	1.3293	439.26	0.58848	2.3880e-05	0.039473	supercritical
23.000	22.750	0.24071	4.1543	177.18	271.69	5.0974	0.78588	1.3296	439.54	0.58594	2.3899e-05	0.039508	supercritical
23.000	22.800	0.24115	4.1468	177.10	271.65	5.0965	0.78595	1.3299	439.83	0.58341	2.3917e-05	0.039542	supercritical
23.000	22.850	0.24159	4.1393	177.03	271.61	5.0957	0.78601	1.3302	440.11	0.58088	2.3936e-05	0.039577	supercritical
23.000	22.900	0.24203	4.1318	176.95	271.57	5.0949	0.78608	1.3305	440.40	0.57836	2.3954e-05	0.039611	supercritical
23.000	22.950	0.24246	4.1244	176.88	271.53	5.0941	0.78615	1.3308	440.68	0.57584	2.3972e-05	0.039646	supercritical
23.000	23.000	0.24290	4.1170	176.81	271.50	5.0932	0.78621	1.3311	440.97	0.57333	2.3991e-05	0.039681	supercritical
23.000	23.050	0.24333	4.1096	176.73	271.46	5.0924	0.78628	1.3314	441.26	0.57082	2.4009e-05	0.039715	supercritical
23.000	23.100	0.24377	4.1023	176.66	271.42	5.0916	0.78634	1.3317	441.54	0.56832	2.4028e-05	0.039750	supercritical
23.000	23.150	0.24420	4.0950	176.58	271.38	5.0908	0.78641	1.3320	441.83	0.56583	2.4046e-05	0.039784	supercritical
23.000	23.200	0.24464	4.0877	176.51	271.34	5.0899	0.78648	1.3323	442.12	0.56334	2.4065e-05	0.039819	supercritical
23.000	23.250	0.24507	4.0805	176.44	271.31	5.0891	0.78654	1.3326	442.40	0.56085	2.4083e-05	0.039854	supercritical
23.000	23.300	0.24550	4.0733	176.36	271.27	5.0883	0.78661	1.3329	442.69	0.55837	2.4102e-05	0.039888	supercritical
23.000	23.350	0.24593	4.0661	176.29	271.23	5.0875	0.78667	1.3332	442.98	0.55590	2.4120e-05	0.039923	supercritical
23.000	23.400	0.24636	4.0590	176.21	271.20	5.0867	0.78674	1.3335	443.27	0.55343	2.4139e-05	0.039958	supercritical
23.000	23.450	0.24680	4.0519	176.14	271.16	5.0859	0.78681	1.3337	443.55	0.55097	2.4158e-05	0.039992	supercritical
23.000	23.500	0.24723	4.0449	176.07	271.12	5.0851	0.78687	1.3340	443.84	0.54851	2.4176e-05	0.040027	supercritical
23.000	23.550	0.24766	4.0379	175.99	271.09	5.0843	0.78694	1.3343	444.13	0.54606	2.4195e-05	0.040062	supercritical
23.000	23.600	0.24809	4.0309	175.92	271.05	5.0835	0.78700	1.3346	444.42	0.54361	2.4213e-05	0.040096	supercritical
23.000	23.650	0.24851	4.0239	175.85	271.01	5.0827	0.78707	1.3349	444.71	0.54117	2.4232e-05	0.040131	supercritical
23.000	23.700	0.24894	4.0170	175.77	270.98	5.0819	0.78713	1.3351	445.00	0.53874	2.4251e-05	0.040166	supercritical
23.000	23.750	0.24937	4.0101	175.70	270.94	5.0811	0.78720	1.3354	445.29	0.53631	2.4269e-05	0.040200	supercritical
23.000	23.800	0.24980	4.0032	175.63	270.91	5.0803	0.78726	1.3357	445.57	0.53388	2.4288e-05	0.040235	supercritical
23.000	23.850	0.25023	3.9964	175.56	270.87	5.0795	0.78733	1.3360	445.86	0.53146	2.4307e-05	0.040270	supercritical
23.000	23.900	0.25065	3.9896	175.48	270.83	5.0787	0.78739	1.3362	446.15	0.52905	2.4325e-05	0.040304	supercritical
23.000	23.950	0.25108	3.9828	175.41	270.80	5.0779	0.78746	1.3365	446.44	0.52664	2.4344e-05	0.040339	supercritical
23.000	24.000	0.25150	3.9761	175.34	270.76	5.0771	0.78752	1.3368	446.73	0.52424	2.4363e-05	0.040374	supercritical
23.000	24.050	0.25193	3.9694	175.27	270.73	5.0763	0.78759	1.3371	447.02	0.52184	2.4381e-05	0.040408	supercritical
23.000	24.100	0.25235	3.9627	175.19	270.69	5.0755	0.78765	1.3373	447.31	0.51944	2.4400e-05	0.040443	supercritical
23.000	24.150	0.25278	3.9560	175.12	270.66	5.0747	0.78772	1.3376	447.60	0.51706	2.4419e-05	0.040478	supercritical
23.000	24.200	0.25320	3.9494	175.05	270.63	5.0739	0.78778	1.3379	447.89	0.51467	2.4437e-05	0.040512	supercritical
23.000	24.250	0.25362	3.9428	174.98	270.59	5.0732	0.78784	1.3381	448.18	0.51230	2.4456e-05	0.040547	supercritical
23.000	24.300	0.25405	3.9363	174.90	270.56	5.0724	0.78791	1.3384	448.48	0.50993	2.4475e-05	0.040582	supercritical
23.000	24.350	0.25447	3.9298	174.83	270.52	5.0716	0.78797	1.3386	448.77	0.50756	2.4494e-05	0.040617	supercritical
23.000	24.400	0.25489	3.9233	174.76	270.49	5.0708	0.78804	1.3389	449.06	0.50520	2.4512e-05	0.040651	supercritical
23.000	24.450	0.25531	3.9168	174.69	270.45	5.0701	0.78810	1.3392	449.35	0.50284	2.4531e-05	0.040686	supercritical
23.000	24.500	0.25573	3.9103	174.62	270.42	5.0693	0.78817	1.3394	449.64	0.50049	2.4550e-05	0.040721	supercritical
23.000	24.550	0.25615	3.9039	174.55	270.39	5.0685	0.78823	1.3397	449.93	0.49815	2.4569e-05	0.040755	supercritical
23.000	24.600	0.25657	3.8976	174.47	270.35	5.0677	0.78829	1.3399	450.22	0.49581	2.4588e-05	0.040790	supercritical
23.000	24.650	0.25699	3.8912	174.40	270.32	5.0670	0.78836	1.3402	450.52	0.49347	2.4606e-05	0.040825	supercritical
23.000	24.700	0.25741	3.8849	174.33	270.29	5.0662	0.78842	1.3404	450.81	0.49114	2.4625e-05	0.040860	supercritical
23.000	24.750	0.25783	3.8786	174.26	270.26	5.0654	0.78848	1.3407	451.10	0.48882	2.4644e-05	0.040894	supercritical
23.000	24.800	0.25824	3.8723	174.19	270.22	5.0647	0.78855	1.3409	451.39	0.48650	2.4663e-05	0.040929	supercritical
23.000	24.850	0.25866	3.8661	174.12	270.19	5.0639	0.78861	1.3412	451.68	0.48418	2.4682e-05	0.040964	supercritical
23.000	24.900	0.25908	3.8598	174.05	270.16	5.0631	0.78867	1.3414	451.98	0.48188	2.4701e-05	0.040998	supercritical
23.000	24.950	0.25949	3.8537	173.98	270.13	5.0624	0.78874	1.3417	452.27	0.47957	2.4720e-05	0.041033	supercritical
23.000	25.000	0.25991	3.8475	173.91	270.09	5.0616	0.78880	1.3419	452.56	0.47727	2.4738e-05	0.041068	supercritical
23.000	25.050	0.26032	3.8414	173.84	270.06	5.0609	0.78887	1.3422	452.86	0.47498	2.4757e-05	0.041103	supercritical
23.000	25.100	0.26074	3.8352	173.77	270.03	5.0601	0.78893	1.3424	453.15	0.47269	2.4776e-05	0.041137	supercritical
23.000	25.150	0.26115	3.8292	173.69	270.00	5.0594	0.78899	1.3427	453.44	0.47041	2.4795e-05	0.041172	supercritical
23.000	25.200	0.26157	3.8231	173.62	269.97	5.0586	0.78905	1.3429	453.74	0.46813	2.4814e-05	0.041207	supercritical
23.000	25.250	0.26198	3.8171	173.55	269.94	5.0579	0.78912	1.3431	454.03	0.46586	2.4833e-05	0.041242	supercritical
23.000	25.300	0.26239	3.8111	173.48	269.90	5.0571	0.78918	1.3434	454.32	0.46359	2.4852e-05	0.041276	supercritical
23.000	25.350	0.26280	3.8051	173.41	269.87	5.0564	0.78924	1.3436	454.62	0.46133	2.4871e-05	0.041311	supercritical
23.000	25.400	0.26322	3.7992	173.34	269.84	5.0556	0.78931	1.3439	454.91	0.45907	2.4890e-05	0.041346	supercritical
23.000	25.450	0.26363	3.7932	173.27	269.81	5.0549	0.78937	1.3441	455.21	0.45682	2.4909e-05	0.041381	supercritical
23.000	25.500	0.26404	3.7873	173.20	269.78	5.0541	0.78943	1.3443	455.50	0.45458	2.4928e-05	0.041415	supercritical
23.000	25.550	0.26445	3.7815	173.13	269.75	5.0534	0.78949	1.3446	455.79	0.45233	2.4947e-05	0.041450	supercritical
23.000	25.600	0.26486	3.7756	173.06	269.72	5.0526	0.78956	1.3448	456.09	0.45010	2.4966e-05	0.041485	supercritical
23.000	25.650	0.26527	3.7698	172.99	269.69	5.0519	0.78962	1.3450	456.38	0.44787	2.4985e-05	0.041520	supercritical
23.000	25.700	0.26568	3.7640	172.93	269.66	5.0512	0.78968	1.3452	456.68	0.44564	2.5004e-05	0.041554	supercritical
23.000	25.750	0.26608	3.7582	172.86	269.63	5.0504	0.78974	1.3455	456.97	0.44342	2.5023e-05	0.041589	supercritical
23.000	25.800	0.26649	3.7525	172.79	269.60	5.0497	0.78981	1.3457	457.27	0.44120	2.5042e-05	0.041624	supercritical
23.000	25.850	0.26690	3.7467	172.72	269.57	5.0490	0.78987	1.3459	457.56	0.43899	2.5061e-05	0.041659	supercritical
23.000	25.900	0.26731	3.7410	172.65	269.54	5.0482	0.78993	1.3461	457.86	0.43679	2.5080e-05	0.041694	supercritical
23.000	25.950	0.26771	3.7354	172.58	269.51	5.0475	0.78999	1.3464	458.15	0.43459	2.5099e-05	0.041728	supercritical
23.000	26.000	0.26812	3.7297	172.51	269.48	5.0468	0.79006	1.3466	458.45	0.43239	2.5118e-05	0.041763	supercritical
23.000	26.050	0.26852	3.7241	172.44	269.45	5.0460	0.79012	1.3468	458.75	0.43020	2.5137e-05	0.041798	supercritical
23.000	26.100	0.26893	3.7185	172.37	269.42	5.0453	0.79018	1.3470	459.04	0.42801	2.5156e-05	0.041833	supercritical
23.000	26.150	0.26933	3.7129	172.30	269.40	5.0446	0.79024	1.3473	459.34	0.42583	2.5175e-05	0.041867	supercritical
23.000	26.200	0.26974	3.7073	172.23	269.37	5.0439	0.79030	1.3475	459.63	0.42366	2.5194e-05	0.041902	supercritical
23.000	26.250	0.27014	3.7018	172.17	269.34	5.0431	0.79037	1.3477	459.93	0.42148	2.5213e-05	0.041937	supercritical
23.000	26.300	0.27054	3.6963	172.10	269.31	5.0424	0.79043	1.3479	460.23	0.41932	2.5232e-05	0.041972	supercritical
23.000	26.350	0.27094	3.6908	172.03	269.28	5.0417	0.79049	1.3481	460.52	0.41716	2.5251e-05	0.042006	supercritical
23.000	26.400	0.27135	3.6853	171.96	269.25	5.0410	0.79055	1.3483	460.82	0.41500	2.5270e-05	0.042041	supercritical
23.000	26.450	0.27175	3.6799	171.89	269.23	5.0403	0.79061	1.3485	461.12	0.41285	2.5290e-05	0.042076	supercritical
23.000	26.500	0.27215	3.6745	171.82	269.20	5.0396	0.79067	1.3488	461.41	0.41071	2.5309e-05	0.042111	supercritical
23.000	26.550	0.27255	3.6691	171.76	269.17	5.0388	0.79073	1.3490	461.71	0.40856	2.5328e-05	0.042145	supercritical
23.000	26.600	0.27295	3.6637	171.69	269.14	5.0381	0.79080	1.3492	462.01	0.40643	2.5347e-05	0.042180	supercritical
23.000	26.650	0.27335	3.6583	171.62	269.12	5.0374	0.79086	1.3494	462.30	0.40430	2.5366e-05	0.042215	supercritical
23.000	26.700	0.27375	3.6530	171.55	269.09	5.0367	0.79092	1.3496	462.60	0.40217	2.5385e-05	0.042250	supercritical
23.000	26.750	0.27414	3.6477	171.49	269.06	5.0360	0.79098	1.3498	462.90	0.40005	2.5404e-05	0.042284	supercritical
23.000	26.800	0.27454	3.6424	171.42	269.03	5.0353	0.79104	1.3500	463.20	0.39793	2.5424e-05	0.042319	supercritical
23.000	26.850	0.27494	3.6372	171.35	269.01	5.0346	0.79110	1.3502	463.49	0.39582	2.5443e-05	0.042354	supercritical
23.000	26.900	0.27534	3.6319	171.28	268.98	5.0339	0.79116	1.3504	463.79	0.39371	2.5462e-05	0.042389	supercritical
23.000	26.950	0.27573	3.6267	171.22	268.95	5.0332	0.79122	1.3506	464.09	0.39161	2.5481e-05	0.042424	supercritical
23.000	27.000	0.27613	3.6215	171.15	268.93	5.0325	0.79128	1.3508	464.39	0.38951	2.5500e-05	0.042458	supercritical
23.000	27.050	0.27653	3.6163	171.08	268.90	5.0318	0.79135	1.3510	464.68	0.38742	2.5520e-05	0.042493	supercritical
23.000	27.100	0.27692	3.6111	171.01	268.88	5.0311	0.79141	1.3512	464.98	0.38534	2.5539e-05	0.042528	supercritical
23.000	27.150	0.27731	3.6060	170.95	268.85	5.0304	0.79147	1.3514	465.28	0.38325	2.5558e-05	0.042563	supercritical
23.000	27.200	0.27771	3.6009	170.88	268.82	5.0297	0.79153	1.3516	465.58	0.38118	2.5577e-05	0.042597	supercritical
23.000	27.250	0.27810	3.5958	170.81	268.80	5.0290	0.79159	1.3518	465.88	0.37910	2.5596e-05	0.042632	supercritical
23.000	27.300	0.27850	3.5907	170.75	268.77	5.0283	0.79165	1.3520	466.18	0.37703	2.5616e-05	0.042667	supercritical
23.000	27.350	0.27889	3.5857	170.68	268.75	5.0276	0.79171	1.3522	466.47	0.37497	2.5635e-05	0.042702	supercritical
23.000	27.400	0.27928	3.5806	170.61	268.72	5.0269	0.79177	1.3524	466.77	0.37291	2.5654e-05	0.042736	supercritical
23.000	27.450	0.27967	3.5756	170.55	268.70	5.0262	0.79183	1.3526	467.07	0.37086	2.5673e-05	0.042771	supercritical
23.000	27.500	0.28006	3.5706	170.48	268.67	5.0256	0.79189	1.3528	467.37	0.36881	2.5693e-05	0.042806	supercritical
23.000	27.550	0.28045	3.5656	170.41	268.65	5.0249	0.79195	1.3529	467.67	0.36677	2.5712e-05	0.042840	supercritical
23.000	27.600	0.28084	3.5607	170.35	268.62	5.0242	0.79201	1.3531	467.97	0.36473	2.5731e-05	0.042875	supercritical
23.000	27.650	0.28123	3.5557	170.28	268.60	5.0235	0.79207	1.3533	468.27	0.36269	2.5750e-05	0.042910	supercritical
23.000	27.700	0.28162	3.5508	170.22	268.57	5.0228	0.79213	1.3535	468.57	0.36066	2.5770e-05	0.042945	supercritical
23.000	27.750	0.28201	3.5459	170.15	268.55	5.0221	0.79219	1.3537	468.87	0.35864	2.5789e-05	0.042979	supercritical
23.000	27.800	0.28240	3.5411	170.08	268.52	5.0215	0.79225	1.3539	469.16	0.35662	2.5808e-05	0.043014	supercritical
23.000	27.850	0.28279	3.5362	170.02	268.50	5.0208	0.79231	1.3541	469.46	0.35460	2.5828e-05	0.043049	supercritical
23.000	27.900	0.28318	3.5314	169.95	268.48	5.0201	0.79237	1.3542	469.76	0.35259	2.5847e-05	0.043084	supercritical
23.000	27.950	0.28356	3.5265	169.89	268.45	5.0194	0.79243	1.3544	470.06	0.35058	2.5866e-05	0.043118	supercritical
23.000	28.000	0.28395	3.5217	169.82	268.43	5.0187	0.79249	1.3546	470.36	0.34858	2.5886e-05	0.043153	supercritical
23.000	28.050	0.28434	3.5170	169.76	268.41	5.0181	0.79255	1.3548	470.66	0.34658	2.5905e-05	0.043188	supercritical
23.000	28.100	0.28472	3.5122	169.69	268.38	5.0174	0.79261	1.3550	470.96	0.34459	2.5924e-05	0.043223	supercritical
23.000	28.150	0.28511	3.5075	169.62	268.36	5.0167	0.79267	1.3551	471.26	0.34260	2.5944e-05	0.043257	supercritical
23.000	28.200	0.28549	3.5027	169.56	268.34	5.0161	0.79273	1.3553	471.56	0.34062	2.5963e-05	0.043292	supercritical
23.000	28.250	0.28588	3.4980	169.49	268.31	5.0154	0.79279	1.3555	471.86	0.33864	2.5982e-05	0.043327	supercritical
23.000	28.300	0.28626	3.4933	169.43	268.29	5.0147	0.79285	1.3557	472.16	0.33667	2.6002e-05	0.043361	supercritical
23.000	28.350	0.28664	3.4887	169.36	268.27	5.0141	0.79291	1.3558	472.46	0.33470	2.6021e-05	0.043396	supercritical
23.000	28.400	0.28703	3.4840	169.30	268.24	5.0134	0.79297	1.3560	472.76	0.33273	2.6040e-05	0.043431	supercritical
23.000	28.450	0.28741	3.4794	169.23	268.22	5.0127	0.79303	1.3562	473.06	0.33077	2.6060e-05	0.043465	supercritical
23.000	28.500	0.28779	3.4748	169.17	268.20	5.0121	0.79309	1.3564	473.36	0.32882	2.6079e-05	0.043500	supercritical
23.000	28.550	0.28817	3.4702	169.10	268.18	5.0114	0.79315	1.3565	473.66	0.32687	2.6099e-05	0.043535	supercritical
23.000	28.600	0.28855	3.4656	169.04	268.16	5.0107	0.79321	1.3567	473.97	0.32492	2.6118e-05	0.043570	supercritical
23.000	28.650	0.28893	3.4610	168.98	268.13	5.0101	0.79326	1.3569	474.27	0.32298	2.6137e-05	0.043604	supercritical
23.000	28.700	0.28931	3.4565	168.91	268.11	5.0094	0.79332	1.3570	474.57	0.32104	2.6157e-05	0.043639	supercritical
23.000	28.750	0.28969	3.4519	168.85	268.09	5.0088	0.79338	1.3572	474.87	0.31911	2.6176e-05	0.043674	supercritical
23.000	28.800	0.29007	3.4474	168.78	268.07	5.0081	0.79344	1.3574	475.17	0.31718	2.6195e-05	0.043708	supercritical
23.000	28.850	0.29045	3.4429	168.72	268.05	5.0075	0.79350	1.3575	475.47	0.31526	2.6215e-05	0.043743	supercritical
23.000	28.900	0.29083	3.4385	168.65	268.03	5.0068	0.79356	1.3577	475.77	0.31334	2.6234e-05	0.043778	supercritical
23.000	28.950	0.29121	3.4340	168.59	268.00	5.0062	0.79362	1.3579	476.07	0.31142	2.6254e-05	0.043812	supercritical
23.000	29.000	0.29158	3.4296	168.53	267.98	5.0055	0.79368	1.3580	476.37	0.30951	2.6273e-05	0.043847	supercritical
23.000	29.050	0.29196	3.4251	168.46	267.96	5.0049	0.79374	1.3582	476.67	0.30761	2.6293e-05	0.043882	supercritical
23.000	29.100	0.29234	3.4207	168.40	267.94	5.0042	0.79379	1.3583	476.97	0.30571	2.6312e-05	0.043916	supercritical
23.000	29.150	0.29271	3.4163	168.33	267.92	5.0036	0.79385	1.3585	477.28	0.30381	2.6331e-05	0.043951	supercritical
23.000	29.200	0.29309	3.4120	168.27	267.90	5.0029	0.79391	1.3587	477.58	0.30192	2.6351e-05	0.043986	supercritical
23.000	29.250	0.29346	3.4076	168.21	267.88	5.0023	0.79397	1.3588	477.88	0.30003	2.6370e-05	0.044020	supercritical
23.000	29.300	0.29384	3.4033	168.14	267.86	5.0016	0.79403	1.3590	478.18	0.29815	2.6390e-05	0.044055	supercritical
23.000	29.350	0.29421	3.3989	168.08	267.84	5.0010	0.79409	1.3591	478.48	0.29627	2.6409e-05	0.044089	supercritical
23.000	29.400	0.29458	3.3946	168.02	267.82	5.0003	0.79415	1.3593	478.78	0.29439	2.6429e-05	0.044124	supercritical
23.000	29.450	0.29496	3.3903	167.95	267.80	4.9997	0.79420	1.3594	479.09	0.29252	2.6448e-05	0.044159	supercritical
23.000	29.500	0.29533	3.3860	167.89	267.78	4.9991	0.79426	1.3596	479.39	0.29066	2.6468e-05	0.044193	supercritical
23.000	29.550	0.29570	3.3818	167.83	267.76	4.9984	0.79432	1.3597	479.69	0.28879	2.6487e-05	0.044228	supercritical
23.000	29.600	0.29607	3.3775	167.77	267.74	4.9978	0.79438	1.3599	479.99	0.28694	2.6507e-05	0.044263	supercritical
23.000	29.650	0.29645	3.3733	167.70	267.72	4.9972	0.79444	1.3600	480.29	0.28508	2.6526e-05	0.044297	supercritical
23.000	29.700	0.29682	3.3691	167.64	267.70	4.9965	0.79449	1.3602	480.59	0.28324	2.6546e-05	0.044332	supercritical
23.000	29.750	0.29719	3.3649	167.58	267.68	4.9959	0.79455	1.3603	480.90	0.28139	2.6565e-05	0.044366	supercritical
23.000	29.800	0.29756	3.3607	167.51	267.66	4.9953	0.79461	1.3605	481.20	0.27955	2.6585e-05	0.044401	supercritical
23.000	29.850	0.29793	3.3565	167.45	267.64	4.9946	0.79467	1.3606	481.50	0.27772	2.6604e-05	0.044436	supercritical
23.000	29.900	0.29829	3.3524	167.39	267.63	4.9940	0.79473	1.3608	481.80	0.27589	2.6624e-05	0.044470	supercritical
23.000	29.950	0.29866	3.3482	167.33	267.61	4.9934	0.79478	1.3609	482.11	0.27406	2.6643e-05	0.044505	supercritical
23.000	30.000	0.29903	3.3441	167.26	267.59	4.9927	0.79484	1.3611	482.41	0.27224	2.6663e-05	0.044539	supercritical